0.000000 10.000000 0.096920 1.000000 1.000000 0.057604 0.000000 0.074758 22.526881
10.000000 9.900000 0.008089 0.130906 0.101310 0.024593 0.000000 0.039024 28.173286
20.000000 9.900000 0.004075 0.071596 0.057887 0.020335 0.000000 0.029843 30.503211
30.000000 9.900000 0.002303 0.041770 0.034047 0.018582 0.000000 0.027043 31.358760
40.000000 9.900000 0.001389 0.025366 0.020959 0.017747 0.000000 0.026060 31.680345
50.000000 9.900000 0.000884 0.016326 0.013608 0.017298 0.000000 0.025704 31.800071
60.000000 9.900000 0.000589 0.011021 0.009314 0.017051 0.000000 0.025565 31.846932
70.000000 9.900000 0.000407 0.007683 0.006694 0.016910 0.000000 0.025502 31.868470
80.000000 9.900000 0.000288 0.005464 0.005044 0.016826 0.000000 0.025469 31.879843
90.000000 9.900000 0.000209 0.004005 0.003943 0.016774 0.000000 0.025452 31.885663
100.000000 9.900000 0.000157 0.003006 0.003158 0.016739 0.000000 0.025443 31.888475
110.000000 9.900000 0.000119 0.002330 0.002605 0.016716 0.000000 0.025442 31.889010
120.000000 9.900000 0.000092 0.001805 0.002197 0.016700 0.000000 0.025443 31.888708
130.000000 9.900000 0.000072 0.001430 0.001883 0.016688 0.000000 0.025443 31.888563
140.000000 9.900000 0.000057 0.001178 0.001637 0.016679 0.000000 0.025442 31.888952
150.000000 9.900000 0.000046 0.000966 0.001442 0.016672 0.000000 0.025441 31.889358
