0.000000 10.000000 0.097701 1.000000 1.000000 0.075600 0.000000 0.072026 22.850209
10.000000 9.900000 0.010984 0.145332 0.126591 0.027901 0.000000 0.026626 31.493923
20.000000 9.900000 0.005037 0.065900 0.062344 0.022922 0.000000 0.020923 33.587454
30.000000 9.900000 0.002678 0.036346 0.033062 0.020835 0.000000 0.018896 34.472397
40.000000 9.900000 0.001562 0.022082 0.019155 0.019871 0.000000 0.018252 34.773876
50.000000 9.900000 0.000957 0.014025 0.012115 0.019424 0.000000 0.018003 34.892879
60.000000 9.900000 0.000613 0.009263 0.008209 0.019199 0.000000 0.017914 34.936240
70.000000 9.900000 0.000417 0.006413 0.005878 0.019077 0.000000 0.017881 34.952025
80.000000 9.900000 0.000282 0.004461 0.004482 0.019013 0.000000 0.017875 34.954910
90.000000 9.900000 0.000207 0.003306 0.003482 0.018970 0.000000 0.017872 34.956385
100.000000 9.900000 0.000150 0.002466 0.002836 0.018945 0.000000 0.017871 34.957084
110.000000 9.900000 0.000113 0.001890 0.002358 0.018928 0.000000 0.017870 34.957676
120.000000 9.900000 0.000087 0.001475 0.002004 0.018916 0.000000 0.017868 34.958372
130.000000 9.900000 0.000068 0.001191 0.001727 0.018907 0.000000 0.017867 34.959006
140.000000 9.900000 0.000054 0.000965 0.001513 0.018901 0.000000 0.017867 34.959140
