0.000000 10.000000 0.104135 1.000000 1.000000 0.055158 0.000000 0.064465 23.813514
10.000000 9.900000 0.006133 0.127269 0.091631 0.024228 0.000000 0.027163 31.320290
20.000000 9.900000 0.002173 0.054231 0.043597 0.021440 0.000000 0.022870 32.814542
30.000000 9.900000 0.000992 0.025363 0.021564 0.020428 0.000000 0.022011 33.147158
40.000000 9.900000 0.000496 0.012904 0.012157 0.020072 0.000000 0.021857 33.208213
50.000000 9.900000 0.000270 0.007268 0.007835 0.019927 0.000000 0.021820 33.222757
60.000000 9.900000 0.000157 0.004496 0.005603 0.019864 0.000000 0.021811 33.226391
70.000000 9.900000 0.000100 0.003034 0.004289 0.019830 0.000000 0.021806 33.228595
80.000000 9.900000 0.000068 0.002187 0.003445 0.019810 0.000000 0.021802 33.229931
90.000000 9.900000 0.000049 0.001634 0.002850 0.019797 0.000000 0.021801 33.230575
100.000000 9.900000 0.000038 0.001294 0.002414 0.019788 0.000000 0.021799 33.231116
110.000000 9.900000 0.000030 0.001033 0.002078 0.019781 0.000000 0.021798 33.231675
120.000000 9.900000 0.000025 0.000858 0.001816 0.019776 0.000000 0.021797 33.232178
