0.000000 10.000000 0.099702 1.000000 1.000000 0.074263 0.000000 0.079084 22.038231
10.000000 9.900000 0.008396 0.090714 0.092208 0.036663 0.000000 0.046269 26.694241
20.000000 9.900000 0.003842 0.043635 0.045074 0.032459 0.000000 0.040225 27.910009
30.000000 9.900000 0.001881 0.022384 0.024030 0.031110 0.000000 0.038820 28.218788
40.000000 9.900000 0.001042 0.012413 0.013769 0.030524 0.000000 0.038455 28.300996
50.000000 9.900000 0.000621 0.007402 0.008689 0.030266 0.000000 0.038360 28.322495
60.000000 9.900000 0.000388 0.004653 0.005899 0.030142 0.000000 0.038348 28.325241
70.000000 9.900000 0.000264 0.003094 0.004206 0.030069 0.000000 0.038356 28.323303
80.000000 9.900000 0.000177 0.002137 0.003211 0.030031 0.000000 0.038371 28.319891
90.000000 9.900000 0.000128 0.001546 0.002520 0.030007 0.000000 0.038384 28.317097
100.000000 9.900000 0.000094 0.001142 0.002048 0.029991 0.000000 0.038393 28.314866
110.000000 9.900000 0.000069 0.000867 0.001708 0.029980 0.000000 0.038402 28.313009
