0.000000 10.000000 0.099314 1.000000 1.000000 0.047055 0.000000 0.094038 20.533932
10.000000 9.900000 0.009713 0.148229 0.091849 0.021779 0.000000 0.068476 23.289210
20.000000 9.900000 0.006044 0.098319 0.057041 0.016352 0.000000 0.056861 24.903687
30.000000 9.900000 0.004163 0.071073 0.043028 0.014135 0.000000 0.051190 25.816310
40.000000 9.900000 0.003041 0.053575 0.033748 0.012942 0.000000 0.048355 26.311183
50.000000 9.900000 0.002284 0.041638 0.026943 0.012257 0.000000 0.046862 26.583647
60.000000 9.900000 0.001783 0.032511 0.021268 0.011767 0.000000 0.045985 26.747763
70.000000 9.900000 0.001414 0.025535 0.016962 0.011427 0.000000 0.045426 26.853938
80.000000 9.900000 0.001138 0.020419 0.013620 0.011169 0.000000 0.045059 26.924439
90.000000 9.900000 0.000924 0.016484 0.011078 0.010981 0.000000 0.044832 26.968202
100.000000 9.900000 0.000756 0.013510 0.009138 0.010841 0.000000 0.044695 26.994726
110.000000 9.900000 0.000624 0.011123 0.007598 0.010732 0.000000 0.044608 27.011655
120.000000 9.900000 0.000517 0.009153 0.006400 0.010653 0.000000 0.044548 27.023342
130.000000 9.900000 0.000432 0.007660 0.005440 0.010591 0.000000 0.044500 27.032748
140.000000 9.900000 0.000367 0.006445 0.004627 0.010537 0.000000 0.044460 27.040670
150.000000 9.900000 0.000315 0.005510 0.003956 0.010496 0.000000 0.044428 27.046858
160.000000 9.900000 0.000268 0.004675 0.003432 0.010466 0.000000 0.044402 27.051970
170.000000 9.900000 0.000229 0.004040 0.002997 0.010442 0.000000 0.044379 27.056397
180.000000 9.900000 0.000198 0.003444 0.002621 0.010420 0.000000 0.044359 27.060408
190.000000 9.900000 0.000172 0.003004 0.002305 0.010402 0.000000 0.044341 27.063835
