0.000000 10.000000 0.108282 1.000000 1.000000 0.035627 0.000000 0.087150 21.194672
10.000000 9.900000 0.006285 0.128323 0.059128 0.020674 0.000000 0.060751 24.328998
20.000000 9.900000 0.003578 0.066985 0.033405 0.016459 0.000000 0.050023 26.016566
30.000000 9.900000 0.002257 0.044920 0.024979 0.014734 0.000000 0.045291 26.879759
40.000000 9.900000 0.001493 0.032071 0.019996 0.013964 0.000000 0.043337 27.262866
50.000000 9.900000 0.001022 0.024087 0.016267 0.013613 0.000000 0.042588 27.414223
60.000000 9.900000 0.000715 0.018175 0.013284 0.013451 0.000000 0.042325 27.468075
70.000000 9.900000 0.000508 0.014001 0.010815 0.013369 0.000000 0.042241 27.485398
80.000000 9.900000 0.000368 0.010651 0.008772 0.013318 0.000000 0.042214 27.490941
90.000000 9.900000 0.000272 0.008485 0.007103 0.013281 0.000000 0.042202 27.493373
100.000000 9.900000 0.000205 0.006538 0.005772 0.013253 0.000000 0.042194 27.495036
110.000000 9.900000 0.000156 0.005138 0.004728 0.013232 0.000000 0.042188 27.496268
120.000000 9.900000 0.000120 0.004060 0.003913 0.013216 0.000000 0.042183 27.497283
130.000000 9.900000 0.000094 0.003292 0.003273 0.013203 0.000000 0.042179 27.498060
140.000000 9.900000 0.000074 0.002665 0.002764 0.013192 0.000000 0.042177 27.498442
150.000000 9.900000 0.000059 0.002184 0.002358 0.013185 0.000000 0.042176 27.498614
160.000000 9.900000 0.000048 0.001905 0.002028 0.013178 0.000000 0.042176 27.498710
170.000000 9.900000 0.000039 0.001532 0.001762 0.013174 0.000000 0.042176 27.498760
180.000000 9.900000 0.000032 0.001312 0.001545 0.013170 0.000000 0.042176 27.498795
190.000000 9.900000 0.000027 0.001127 0.001366 0.013167 0.000000 0.042175 27.498837
