0.000000 10.000000 0.099676 1.000000 1.000000 0.035236 0.000000 0.086401 21.269598
10.000000 9.900000 0.006400 0.130498 0.084794 0.018071 0.000000 0.068224 23.321222
20.000000 9.900000 0.003961 0.082457 0.050401 0.014480 0.000000 0.060035 24.431922
30.000000 9.900000 0.002763 0.059305 0.036263 0.012880 0.000000 0.055297 25.145936
40.000000 9.900000 0.002047 0.044457 0.027597 0.011986 0.000000 0.052375 25.617592
50.000000 9.900000 0.001560 0.033767 0.021699 0.011449 0.000000 0.050520 25.930809
60.000000 9.900000 0.001200 0.026424 0.017397 0.011110 0.000000 0.049363 26.131918
70.000000 9.900000 0.000941 0.020756 0.014042 0.010874 0.000000 0.048605 26.266452
80.000000 9.900000 0.000755 0.016428 0.011409 0.010695 0.000000 0.048097 26.357568
90.000000 9.900000 0.000613 0.013281 0.009371 0.010565 0.000000 0.047765 26.417830
100.000000 9.900000 0.000495 0.010807 0.007815 0.010476 0.000000 0.047540 26.458847
110.000000 9.900000 0.000404 0.008874 0.006558 0.010405 0.000000 0.047374 26.489197
120.000000 9.900000 0.000334 0.007346 0.005516 0.010349 0.000000 0.047247 26.512491
130.000000 9.900000 0.000278 0.006009 0.004682 0.010306 0.000000 0.047151 26.530095
140.000000 9.900000 0.000232 0.004962 0.004019 0.010273 0.000000 0.047080 26.543236
150.000000 9.900000 0.000196 0.004216 0.003457 0.010245 0.000000 0.047025 26.553432
160.000000 9.900000 0.000168 0.003499 0.003002 0.010223 0.000000 0.046982 26.561461
170.000000 9.900000 0.000143 0.002994 0.002637 0.010206 0.000000 0.046949 26.567516
180.000000 9.900000 0.000122 0.002559 0.002337 0.010192 0.000000 0.046925 26.571858
190.000000 9.900000 0.000104 0.002175 0.002080 0.010181 0.000000 0.046910 26.574767
