0.000000 10.000000 0.107288 1.000000 1.000000 0.041689 0.000000 0.092558 20.671704
10.000000 9.900000 0.005958 0.095651 0.062651 0.024810 0.000000 0.067475 23.417095
20.000000 9.900000 0.003110 0.046678 0.034309 0.021542 0.000000 0.060105 24.421766
30.000000 9.900000 0.001839 0.028386 0.023713 0.020470 0.000000 0.057404 24.821091
40.000000 9.900000 0.001154 0.018840 0.017288 0.020037 0.000000 0.056314 24.987644
50.000000 9.900000 0.000752 0.012996 0.012792 0.019826 0.000000 0.055828 25.062952
60.000000 9.900000 0.000506 0.008915 0.009583 0.019707 0.000000 0.055598 25.098747
70.000000 9.900000 0.000350 0.006412 0.007268 0.019633 0.000000 0.055484 25.116634
80.000000 9.900000 0.000247 0.004601 0.005610 0.019584 0.000000 0.055424 25.126101
90.000000 9.900000 0.000178 0.003439 0.004407 0.019551 0.000000 0.055391 25.131263
100.000000 9.900000 0.000130 0.002610 0.003526 0.019528 0.000000 0.055372 25.134128
110.000000 9.900000 0.000097 0.002027 0.002879 0.019513 0.000000 0.055362 25.135756
120.000000 9.900000 0.000073 0.001582 0.002393 0.019502 0.000000 0.055356 25.136721
130.000000 9.900000 0.000056 0.001282 0.002020 0.019494 0.000000 0.055352 25.137308
140.000000 9.900000 0.000043 0.001037 0.001729 0.019488 0.000000 0.055350 25.137690
150.000000 9.900000 0.000034 0.000915 0.001495 0.019483 0.000000 0.055348 25.137980
