0.000000 10.000000 0.112920 1.000000 1.000000 0.040905 0.000000 0.055831 25.062514
10.000000 9.900000 0.006604 0.135331 0.093880 0.017069 0.000000 0.025760 31.780983
20.000000 9.900000 0.002727 0.069314 0.052378 0.014415 0.000000 0.021010 33.551295
30.000000 9.900000 0.001417 0.038485 0.028582 0.013353 0.000000 0.019557 34.173904
40.000000 9.900000 0.000756 0.021639 0.016681 0.012867 0.000000 0.019140 34.361253
50.000000 9.900000 0.000442 0.013082 0.010774 0.012637 0.000000 0.019027 34.412743
60.000000 9.900000 0.000274 0.008423 0.007667 0.012527 0.000000 0.018996 34.426971
70.000000 9.900000 0.000180 0.005793 0.005860 0.012468 0.000000 0.018984 34.432455
80.000000 9.900000 0.000124 0.004253 0.004685 0.012433 0.000000 0.018975 34.436160
90.000000 9.900000 0.000090 0.003215 0.003866 0.012411 0.000000 0.018971 34.438071
100.000000 9.900000 0.000067 0.002461 0.003279 0.012397 0.000000 0.018968 34.439689
110.000000 9.900000 0.000053 0.001987 0.002832 0.012386 0.000000 0.018965 34.441052
120.000000 9.900000 0.000043 0.001660 0.002484 0.012379 0.000000 0.018963 34.441926
130.000000 9.900000 0.000036 0.001419 0.002205 0.012373 0.000000 0.018961 34.442562
140.000000 9.900000 0.000030 0.001226 0.001975 0.012368 0.000000 0.018960 34.443109
150.000000 9.900000 0.000026 0.000999 0.001787 0.012364 0.000000 0.018959 34.443555
