0.000000 10.000000 0.095765 1.000000 1.000000 0.069212 0.000000 0.069682 23.137646
10.000000 9.900000 0.005844 0.109456 0.107024 0.028010 0.000000 0.027538 31.201358
20.000000 9.900000 0.002526 0.045140 0.054314 0.023693 0.000000 0.020798 33.639643
30.000000 9.900000 0.001203 0.021988 0.028121 0.022359 0.000000 0.019642 34.136412
40.000000 9.900000 0.000662 0.012364 0.016042 0.021801 0.000000 0.019307 34.285727
50.000000 9.900000 0.000393 0.007299 0.010314 0.021530 0.000000 0.019228 34.321120
60.000000 9.900000 0.000245 0.004679 0.007333 0.021391 0.000000 0.019207 34.330685
70.000000 9.900000 0.000154 0.003145 0.005653 0.021324 0.000000 0.019198 34.334852
80.000000 9.900000 0.000103 0.002303 0.004560 0.021280 0.000000 0.019193 34.337013
90.000000 9.900000 0.000073 0.001709 0.003805 0.021250 0.000000 0.019191 34.338154
100.000000 9.900000 0.000054 0.001380 0.003260 0.021231 0.000000 0.019190 34.338489
110.000000 9.900000 0.000041 0.001115 0.002844 0.021217 0.000000 0.019191 34.338228
120.000000 9.900000 0.000033 0.000943 0.002516 0.021207 0.000000 0.019191 34.338236
