0.000000 10.000000 0.097435 1.000000 1.000000 0.077203 0.000000 0.069468 23.164263
10.000000 9.900000 0.007723 0.084880 0.093361 0.039182 0.000000 0.036203 28.825207
20.000000 9.900000 0.003146 0.035842 0.038739 0.035365 0.000000 0.031701 29.978431
30.000000 9.900000 0.001463 0.016913 0.018922 0.034279 0.000000 0.030799 30.229173
40.000000 9.900000 0.000763 0.009058 0.010736 0.033875 0.000000 0.030555 30.298352
50.000000 9.900000 0.000453 0.005330 0.006661 0.033699 0.000000 0.030508 30.311754
60.000000 9.900000 0.000277 0.003344 0.004589 0.033624 0.000000 0.030504 30.312975
70.000000 9.900000 0.000183 0.002212 0.003330 0.033584 0.000000 0.030506 30.312299
80.000000 9.900000 0.000126 0.001529 0.002550 0.033559 0.000000 0.030508 30.311777
90.000000 9.900000 0.000089 0.001112 0.002025 0.033545 0.000000 0.030509 30.311504
100.000000 9.900000 0.000066 0.000819 0.001652 0.033536 0.000000 0.030509 30.311444
