0.000000 10.000000 0.101043 1.000000 1.000000 0.075452 0.000000 0.099198 20.069910
10.000000 9.900000 0.009807 0.115565 0.100505 0.031192 0.000000 0.055573 25.102746
20.000000 9.900000 0.005629 0.076374 0.060798 0.023812 0.000000 0.037995 28.405532
30.000000 9.900000 0.003513 0.048464 0.039723 0.020754 0.000000 0.030372 30.350607
40.000000 9.900000 0.002072 0.029903 0.028228 0.019607 0.000000 0.028165 31.005725
50.000000 9.900000 0.001317 0.019118 0.018926 0.018963 0.000000 0.027470 31.222877
60.000000 9.900000 0.000917 0.013048 0.012732 0.018567 0.000000 0.027172 31.317699
70.000000 9.900000 0.000625 0.009252 0.009207 0.018357 0.000000 0.027076 31.348229
80.000000 9.900000 0.000448 0.006639 0.006744 0.018225 0.000000 0.027039 31.360256
90.000000 9.900000 0.000329 0.004932 0.005127 0.018142 0.000000 0.027025 31.364598
100.000000 9.900000 0.000244 0.003678 0.004042 0.018089 0.000000 0.027021 31.366036
110.000000 9.900000 0.000186 0.002808 0.003260 0.018052 0.000000 0.027016 31.367470
120.000000 9.900000 0.000143 0.002187 0.002711 0.018027 0.000000 0.027012 31.368756
130.000000 9.900000 0.000113 0.001751 0.002281 0.018009 0.000000 0.027009 31.369869
140.000000 9.900000 0.000090 0.001413 0.001958 0.017996 0.000000 0.027006 31.370657
150.000000 9.900000 0.000072 0.001140 0.001710 0.017986 0.000000 0.027005 31.371217
160.000000 9.900000 0.000059 0.000943 0.001511 0.017979 0.000000 0.027004 31.371530
