0.000000 10.000000 0.094465 1.000000 1.000000 0.038833 0.000000 0.087962 21.114125
10.000000 9.900000 0.007206 0.131696 0.093276 0.018597 0.000000 0.068207 23.323365
20.000000 9.900000 0.004500 0.085604 0.057375 0.014549 0.000000 0.059601 24.494948
30.000000 9.900000 0.003143 0.061595 0.041686 0.012828 0.000000 0.054764 25.230151
40.000000 9.900000 0.002353 0.046861 0.031411 0.011815 0.000000 0.051746 25.722428
50.000000 9.900000 0.001822 0.035996 0.024305 0.011163 0.000000 0.049778 26.059287
60.000000 9.900000 0.001446 0.028542 0.019158 0.010707 0.000000 0.048471 26.290386
70.000000 9.900000 0.001147 0.022749 0.015573 0.010409 0.000000 0.047603 26.447369
80.000000 9.900000 0.000940 0.018458 0.012589 0.010167 0.000000 0.047010 26.556286
90.000000 9.900000 0.000777 0.015128 0.010362 0.009991 0.000000 0.046602 26.631878
100.000000 9.900000 0.000643 0.012455 0.008710 0.009862 0.000000 0.046325 26.683669
110.000000 9.900000 0.000538 0.010433 0.007355 0.009759 0.000000 0.046134 26.719508
120.000000 9.900000 0.000452 0.008754 0.006274 0.009676 0.000000 0.046008 26.743303
130.000000 9.900000 0.000382 0.007420 0.005383 0.009615 0.000000 0.045928 26.758439
140.000000 9.900000 0.000326 0.006293 0.004649 0.009565 0.000000 0.045876 26.768238
150.000000 9.900000 0.000281 0.005386 0.004023 0.009522 0.000000 0.045844 26.774410
160.000000 9.900000 0.000242 0.004636 0.003518 0.009489 0.000000 0.045822 26.778436
170.000000 9.900000 0.000210 0.004053 0.003096 0.009463 0.000000 0.045807 26.781447
180.000000 9.900000 0.000183 0.003518 0.002741 0.009440 0.000000 0.045794 26.783907
190.000000 9.900000 0.000160 0.003050 0.002436 0.009421 0.000000 0.045783 26.785846
