0.000000 10.000000 0.104754 1.000000 1.000000 0.047810 0.000000 0.059610 24.493645
10.000000 9.900000 0.008225 0.131822 0.109320 0.019109 0.000000 0.025408 31.900455
20.000000 9.900000 0.003730 0.069417 0.060408 0.015887 0.000000 0.019762 34.083170
30.000000 9.900000 0.001985 0.037916 0.031132 0.014382 0.000000 0.017622 35.078878
40.000000 9.900000 0.001113 0.021562 0.017874 0.013688 0.000000 0.017050 35.365629
50.000000 9.900000 0.000668 0.013234 0.011575 0.013369 0.000000 0.016820 35.483640
60.000000 9.900000 0.000417 0.008481 0.008179 0.013213 0.000000 0.016743 35.523125
70.000000 9.900000 0.000277 0.005840 0.006126 0.013129 0.000000 0.016722 35.534341
80.000000 9.900000 0.000190 0.004191 0.004816 0.013081 0.000000 0.016721 35.534889
90.000000 9.900000 0.000134 0.003089 0.003927 0.013050 0.000000 0.016721 35.534517
100.000000 9.900000 0.000099 0.002440 0.003292 0.013029 0.000000 0.016721 35.534601
110.000000 9.900000 0.000074 0.001890 0.002818 0.013014 0.000000 0.016721 35.534512
120.000000 9.900000 0.000058 0.001502 0.002452 0.013002 0.000000 0.016721 35.534975
130.000000 9.900000 0.000047 0.001300 0.002155 0.012993 0.000000 0.016719 35.535581
140.000000 9.900000 0.000038 0.001071 0.001916 0.012986 0.000000 0.016718 35.536168
150.000000 9.900000 0.000032 0.000924 0.001718 0.012980 0.000000 0.016718 35.536561
