0.000000 10.000000 0.109661 1.000000 1.000000 0.058664 0.000000 0.079536 21.988722
10.000000 9.900000 0.009081 0.149059 0.085138 0.024077 0.000000 0.040200 27.915480
20.000000 9.900000 0.004068 0.079497 0.052336 0.019338 0.000000 0.031098 30.145314
30.000000 9.900000 0.002099 0.045778 0.033373 0.017920 0.000000 0.029055 30.735635
40.000000 9.900000 0.001206 0.027373 0.020892 0.017297 0.000000 0.028350 30.949023
50.000000 9.900000 0.000738 0.016597 0.013286 0.016968 0.000000 0.028042 31.043680
60.000000 9.900000 0.000467 0.010494 0.008957 0.016798 0.000000 0.027906 31.086191
70.000000 9.900000 0.000308 0.006986 0.006383 0.016699 0.000000 0.027850 31.103613
80.000000 9.900000 0.000207 0.004891 0.004803 0.016642 0.000000 0.027829 31.110194
90.000000 9.900000 0.000144 0.003563 0.003779 0.016608 0.000000 0.027824 31.111658
100.000000 9.900000 0.000102 0.002596 0.003079 0.016587 0.000000 0.027825 31.111303
110.000000 9.900000 0.000075 0.002040 0.002580 0.016574 0.000000 0.027827 31.110704
120.000000 9.900000 0.000057 0.001549 0.002209 0.016565 0.000000 0.027828 31.110331
130.000000 9.900000 0.000045 0.001288 0.001922 0.016558 0.000000 0.027828 31.110277
140.000000 9.900000 0.000036 0.001081 0.001694 0.016553 0.000000 0.027827 31.110610
150.000000 9.900000 0.000029 0.000889 0.001516 0.016548 0.000000 0.027826 31.111077
