0.000000 10.000000 0.110103 1.000000 1.000000 0.064119 0.000000 0.074497 22.557197
10.000000 9.900000 0.008937 0.150590 0.091916 0.024393 0.000000 0.030964 30.182946
20.000000 9.900000 0.003404 0.070408 0.052522 0.020337 0.000000 0.024857 32.091154
30.000000 9.900000 0.001666 0.036551 0.028729 0.019012 0.000000 0.023558 32.557360
40.000000 9.900000 0.000886 0.019833 0.016299 0.018465 0.000000 0.023151 32.708786
50.000000 9.900000 0.000500 0.011435 0.010170 0.018225 0.000000 0.023032 32.753375
60.000000 9.900000 0.000298 0.007072 0.006995 0.018113 0.000000 0.022991 32.768905
70.000000 9.900000 0.000188 0.004707 0.005182 0.018054 0.000000 0.022975 32.774770
80.000000 9.900000 0.000123 0.003343 0.004055 0.018022 0.000000 0.022971 32.776380
90.000000 9.900000 0.000086 0.002474 0.003295 0.018003 0.000000 0.022970 32.776654
100.000000 9.900000 0.000063 0.001852 0.002758 0.017991 0.000000 0.022970 32.776949
110.000000 9.900000 0.000048 0.001471 0.002358 0.017982 0.000000 0.022968 32.777527
120.000000 9.900000 0.000038 0.001227 0.002049 0.017976 0.000000 0.022967 32.777996
130.000000 9.900000 0.000031 0.001012 0.001804 0.017970 0.000000 0.022966 32.778365
140.000000 9.900000 0.000027 0.000849 0.001604 0.017966 0.000000 0.022965 32.778688
