0.000000 10.000000 0.114110 1.000000 1.000000 0.023404 0.000000 0.066025 23.605864
10.000000 9.900000 0.004954 0.138478 0.068156 0.013782 0.000000 0.045666 26.808046
20.000000 9.900000 0.002883 0.075654 0.036439 0.010865 0.000000 0.038173 28.364810
30.000000 9.900000 0.001833 0.051448 0.026582 0.009546 0.000000 0.034988 29.121693
40.000000 9.900000 0.001251 0.037430 0.021145 0.008897 0.000000 0.033627 29.466122
50.000000 9.900000 0.000882 0.029065 0.017487 0.008581 0.000000 0.033020 29.624566
60.000000 9.900000 0.000622 0.023139 0.014852 0.008439 0.000000 0.032748 29.696211
70.000000 9.900000 0.000449 0.018676 0.012528 0.008352 0.000000 0.032620 29.730275
80.000000 9.900000 0.000340 0.015256 0.010337 0.008277 0.000000 0.032549 29.749345
90.000000 9.900000 0.000260 0.012262 0.008472 0.008217 0.000000 0.032504 29.761341
100.000000 9.900000 0.000202 0.010102 0.006964 0.008170 0.000000 0.032473 29.769612
110.000000 9.900000 0.000160 0.008028 0.005764 0.008133 0.000000 0.032450 29.775684
120.000000 9.900000 0.000129 0.006560 0.004812 0.008102 0.000000 0.032433 29.780267
130.000000 9.900000 0.000105 0.005417 0.004064 0.008078 0.000000 0.032420 29.783615
140.000000 9.900000 0.000086 0.004480 0.003470 0.008059 0.000000 0.032412 29.786007
150.000000 9.900000 0.000071 0.003824 0.002988 0.008045 0.000000 0.032405 29.787720
160.000000 9.900000 0.000059 0.003203 0.002598 0.008033 0.000000 0.032400 29.789051
170.000000 9.900000 0.000049 0.002783 0.002280 0.008024 0.000000 0.032396 29.790039
180.000000 9.900000 0.000041 0.002382 0.002018 0.008017 0.000000 0.032394 29.790741
190.000000 9.900000 0.000034 0.002045 0.001802 0.008011 0.000000 0.032392 29.791286
