0.000000 10.000000 0.098864 1.000000 1.000000 0.065322 0.000000 0.077103 22.258571
10.000000 9.900000 0.005830 0.115464 0.099891 0.025810 0.000000 0.035991 28.876223
20.000000 9.900000 0.002806 0.056670 0.057808 0.021137 0.000000 0.025576 31.843389
30.000000 9.900000 0.001414 0.029157 0.034077 0.019548 0.000000 0.023273 32.662960
40.000000 9.900000 0.000795 0.016399 0.020009 0.018827 0.000000 0.022700 32.879312
50.000000 9.900000 0.000481 0.010054 0.012670 0.018479 0.000000 0.022527 32.946036
60.000000 9.900000 0.000295 0.006418 0.008853 0.018313 0.000000 0.022482 32.963468
70.000000 9.900000 0.000197 0.004290 0.006552 0.018202 0.000000 0.022471 32.967630
80.000000 9.900000 0.000134 0.003040 0.005201 0.018143 0.000000 0.022474 32.966264
90.000000 9.900000 0.000094 0.002255 0.004311 0.018106 0.000000 0.022479 32.964431
100.000000 9.900000 0.000070 0.001737 0.003663 0.018078 0.000000 0.022480 32.964192
110.000000 9.900000 0.000052 0.001368 0.003194 0.018061 0.000000 0.022478 32.964659
120.000000 9.900000 0.000042 0.001132 0.002821 0.018046 0.000000 0.022477 32.965234
130.000000 9.900000 0.000033 0.000929 0.002527 0.018036 0.000000 0.022476 32.965573
