0.000000 10.000000 0.096704 1.000000 1.000000 0.050319 0.000000 0.081385 21.789086
10.000000 9.900000 0.007828 0.128899 0.094719 0.022601 0.000000 0.052068 25.668510
20.000000 9.900000 0.004454 0.079447 0.057458 0.018118 0.000000 0.041397 27.660629
30.000000 9.900000 0.002801 0.051562 0.038622 0.016324 0.000000 0.036779 28.688059
40.000000 9.900000 0.001851 0.034490 0.026665 0.015375 0.000000 0.034654 29.205022
50.000000 9.900000 0.001270 0.023954 0.018759 0.014830 0.000000 0.033595 29.474556
60.000000 9.900000 0.000897 0.017180 0.013527 0.014493 0.000000 0.033071 29.611101
70.000000 9.900000 0.000652 0.012468 0.009974 0.014263 0.000000 0.032807 29.680800
80.000000 9.900000 0.000485 0.009297 0.007532 0.014115 0.000000 0.032668 29.717601
90.000000 9.900000 0.000370 0.006975 0.005834 0.014015 0.000000 0.032598 29.736299
100.000000 9.900000 0.000283 0.005368 0.004667 0.013951 0.000000 0.032566 29.744608
110.000000 9.900000 0.000220 0.004231 0.003794 0.013907 0.000000 0.032555 29.747566
120.000000 9.900000 0.000174 0.003337 0.003143 0.013875 0.000000 0.032553 29.748270
130.000000 9.900000 0.000139 0.002666 0.002647 0.013851 0.000000 0.032552 29.748336
140.000000 9.900000 0.000112 0.002176 0.002263 0.013834 0.000000 0.032553 29.748226
150.000000 9.900000 0.000092 0.001783 0.001962 0.013820 0.000000 0.032554 29.747979
160.000000 9.900000 0.000076 0.001485 0.001727 0.013809 0.000000 0.032555 29.747626
170.000000 9.900000 0.000063 0.001241 0.001530 0.013801 0.000000 0.032556 29.747265
180.000000 9.900000 0.000053 0.001053 0.001369 0.013794 0.000000 0.032557 29.747061
190.000000 9.900000 0.000044 0.000903 0.001236 0.013788 0.000000 0.032557 29.747098
