0.000000 10.000000 0.106711 1.000000 1.000000 0.038944 0.000000 0.069275 23.188505
10.000000 9.900000 0.008092 0.129579 0.092591 0.017576 0.000000 0.043426 27.245011
20.000000 9.900000 0.004633 0.080565 0.060364 0.013785 0.000000 0.034482 29.248146
30.000000 9.900000 0.002906 0.056178 0.044539 0.012302 0.000000 0.031101 30.144485
40.000000 9.900000 0.001999 0.040239 0.031440 0.011471 0.000000 0.029367 30.642941
50.000000 9.900000 0.001428 0.027914 0.021414 0.010906 0.000000 0.028444 30.920160
60.000000 9.900000 0.000997 0.019694 0.015250 0.010576 0.000000 0.028015 31.052333
70.000000 9.900000 0.000723 0.014276 0.011214 0.010358 0.000000 0.027796 31.120505
80.000000 9.900000 0.000549 0.010562 0.008465 0.010211 0.000000 0.027665 31.161407
90.000000 9.900000 0.000415 0.007982 0.006651 0.010119 0.000000 0.027594 31.183852
100.000000 9.900000 0.000316 0.006197 0.005380 0.010055 0.000000 0.027560 31.194321
110.000000 9.900000 0.000242 0.004840 0.004448 0.010011 0.000000 0.027544 31.199495
120.000000 9.900000 0.000192 0.003853 0.003739 0.009979 0.000000 0.027536 31.201943
130.000000 9.900000 0.000153 0.003153 0.003204 0.009957 0.000000 0.027534 31.202512
140.000000 9.900000 0.000123 0.002542 0.002793 0.009941 0.000000 0.027535 31.202240
150.000000 9.900000 0.000099 0.002112 0.002472 0.009929 0.000000 0.027537 31.201608
160.000000 9.900000 0.000081 0.001754 0.002207 0.009919 0.000000 0.027539 31.200977
170.000000 9.900000 0.000068 0.001484 0.001988 0.009912 0.000000 0.027541 31.200491
180.000000 9.900000 0.000056 0.001278 0.001811 0.009906 0.000000 0.027542 31.200238
190.000000 9.900000 0.000047 0.001132 0.001661 0.009901 0.000000 0.027542 31.200120
