0.000000 10.000000 0.109495 1.000000 1.000000 0.067613 0.000000 0.076237 22.356653
10.000000 9.900000 0.006890 0.087939 0.080415 0.034426 0.000000 0.043449 27.240341
20.000000 9.900000 0.002612 0.037622 0.038385 0.031628 0.000000 0.038811 28.220953
30.000000 9.900000 0.001135 0.016935 0.019363 0.030787 0.000000 0.037899 28.427463
40.000000 9.900000 0.000550 0.008590 0.011033 0.030484 0.000000 0.037715 28.469755
50.000000 9.900000 0.000294 0.004696 0.007092 0.030361 0.000000 0.037679 28.478100
60.000000 9.900000 0.000172 0.002884 0.005028 0.030302 0.000000 0.037675 28.478985
70.000000 9.900000 0.000109 0.001932 0.003821 0.030270 0.000000 0.037677 28.478414
80.000000 9.900000 0.000073 0.001354 0.003044 0.030250 0.000000 0.037680 28.477732
90.000000 9.900000 0.000053 0.001029 0.002504 0.030236 0.000000 0.037682 28.477317
100.000000 9.900000 0.000040 0.000796 0.002115 0.030226 0.000000 0.037682 28.477219
