0.000000 10.000000 0.095239 1.000000 1.000000 0.062869 0.000000 0.067495 23.414527
10.000000 9.900000 0.008047 0.128174 0.108621 0.026524 0.000000 0.029135 30.711773
20.000000 9.900000 0.003603 0.060026 0.052742 0.022515 0.000000 0.022875 32.812882
30.000000 9.900000 0.001881 0.032425 0.027346 0.020879 0.000000 0.021148 33.494586
40.000000 9.900000 0.001067 0.019235 0.015819 0.020178 0.000000 0.020665 33.695185
50.000000 9.900000 0.000651 0.011790 0.010038 0.019852 0.000000 0.020516 33.758302
60.000000 9.900000 0.000421 0.007720 0.006841 0.019687 0.000000 0.020473 33.776457
70.000000 9.900000 0.000284 0.005291 0.004948 0.019603 0.000000 0.020458 33.782544
80.000000 9.900000 0.000200 0.003747 0.003738 0.019554 0.000000 0.020454 33.784265
90.000000 9.900000 0.000144 0.002718 0.002937 0.019524 0.000000 0.020453 33.784873
100.000000 9.900000 0.000104 0.002002 0.002384 0.019505 0.000000 0.020452 33.785396
110.000000 9.900000 0.000080 0.001568 0.001972 0.019492 0.000000 0.020451 33.785666
120.000000 9.900000 0.000061 0.001226 0.001670 0.019482 0.000000 0.020450 33.786054
130.000000 9.900000 0.000048 0.000963 0.001436 0.019475 0.000000 0.020449 33.786758
