0.000000 10.000000 0.103652 1.000000 1.000000 0.034127 0.000000 0.077475 22.216801
10.000000 9.900000 0.005031 0.116304 0.064114 0.019182 0.000000 0.050570 25.922068
20.000000 9.900000 0.002641 0.062999 0.037263 0.016052 0.000000 0.041720 27.593117
30.000000 9.900000 0.001541 0.040439 0.026099 0.014922 0.000000 0.038439 28.304669
40.000000 9.900000 0.000942 0.027383 0.019127 0.014437 0.000000 0.037216 28.585314
50.000000 9.900000 0.000595 0.018884 0.014247 0.014200 0.000000 0.036759 28.692792
60.000000 9.900000 0.000385 0.013271 0.010730 0.014070 0.000000 0.036571 28.737219
70.000000 9.900000 0.000258 0.009481 0.008173 0.013991 0.000000 0.036486 28.757509
80.000000 9.900000 0.000177 0.006946 0.006312 0.013940 0.000000 0.036440 28.768318
90.000000 9.900000 0.000125 0.005140 0.004959 0.013906 0.000000 0.036413 28.774833
100.000000 9.900000 0.000091 0.003885 0.003968 0.013882 0.000000 0.036395 28.779122
110.000000 9.900000 0.000067 0.003076 0.003233 0.013865 0.000000 0.036382 28.782158
120.000000 9.900000 0.000052 0.002449 0.002676 0.013853 0.000000 0.036373 28.784306
130.000000 9.900000 0.000040 0.001980 0.002250 0.013844 0.000000 0.036368 28.785714
140.000000 9.900000 0.000032 0.001626 0.001918 0.013838 0.000000 0.036364 28.786608
150.000000 9.900000 0.000026 0.001353 0.001655 0.013832 0.000000 0.036362 28.787154
160.000000 9.900000 0.000021 0.001147 0.001444 0.013829 0.000000 0.036360 28.787480
170.000000 9.900000 0.000018 0.000953 0.001274 0.013826 0.000000 0.036359 28.787674
