0.000000 10.000000 0.103104 1.000000 1.000000 0.063439 0.000000 0.085547 21.355870
10.000000 9.900000 0.008193 0.095078 0.085032 0.031728 0.000000 0.057397 24.822166
20.000000 9.900000 0.004066 0.050884 0.048234 0.027703 0.000000 0.050569 25.922345
30.000000 9.900000 0.002322 0.029099 0.028219 0.026139 0.000000 0.048348 26.312381
40.000000 9.900000 0.001334 0.017280 0.017549 0.025490 0.000000 0.047716 26.426783
50.000000 9.900000 0.000824 0.010749 0.011440 0.025152 0.000000 0.047552 26.456699
60.000000 9.900000 0.000541 0.006919 0.007833 0.024971 0.000000 0.047516 26.463168
70.000000 9.900000 0.000357 0.004623 0.005726 0.024878 0.000000 0.047531 26.460478
80.000000 9.900000 0.000249 0.003240 0.004326 0.024820 0.000000 0.047557 26.455756
90.000000 9.900000 0.000179 0.002351 0.003392 0.024784 0.000000 0.047581 26.451300
100.000000 9.900000 0.000129 0.001726 0.002750 0.024760 0.000000 0.047600 26.447939
110.000000 9.900000 0.000096 0.001304 0.002286 0.024743 0.000000 0.047613 26.445520
120.000000 9.900000 0.000074 0.001026 0.001941 0.024731 0.000000 0.047623 26.443720
130.000000 9.900000 0.000057 0.000810 0.001682 0.024723 0.000000 0.047631 26.442225
