0.000000 10.000000 0.114297 1.000000 1.000000 0.017084 0.000000 0.068398 23.299184
10.000000 9.900000 0.004290 0.156397 0.071801 0.011532 0.000000 0.054306 25.302967
20.000000 9.900000 0.002717 0.083891 0.036470 0.009409 0.000000 0.048341 26.313658
30.000000 9.900000 0.001907 0.057895 0.026081 0.008387 0.000000 0.044857 26.963443
40.000000 9.900000 0.001516 0.043375 0.019624 0.007639 0.000000 0.042671 27.397315
50.000000 9.900000 0.001207 0.034466 0.016363 0.007154 0.000000 0.041330 27.674639
60.000000 9.900000 0.000939 0.028585 0.014874 0.006904 0.000000 0.040555 27.839116
70.000000 9.900000 0.000744 0.024665 0.013718 0.006762 0.000000 0.040090 27.939323
80.000000 9.900000 0.000615 0.021855 0.012317 0.006646 0.000000 0.039795 28.003343
90.000000 9.900000 0.000498 0.019368 0.010926 0.006557 0.000000 0.039607 28.044460
100.000000 9.900000 0.000412 0.016825 0.009535 0.006476 0.000000 0.039473 28.073940
110.000000 9.900000 0.000354 0.014630 0.008218 0.006399 0.000000 0.039368 28.097223
120.000000 9.900000 0.000303 0.012298 0.007131 0.006339 0.000000 0.039288 28.114849
130.000000 9.900000 0.000257 0.010715 0.006265 0.006294 0.000000 0.039231 28.127367
140.000000 9.900000 0.000223 0.009236 0.005546 0.006258 0.000000 0.039192 28.135980
150.000000 9.900000 0.000193 0.008055 0.004939 0.006230 0.000000 0.039168 28.141466
160.000000 9.900000 0.000165 0.007177 0.004426 0.006207 0.000000 0.039153 28.144712
170.000000 9.900000 0.000141 0.006199 0.003972 0.006187 0.000000 0.039145 28.146524
180.000000 9.900000 0.000122 0.005327 0.003556 0.006169 0.000000 0.039141 28.147438
190.000000 9.900000 0.000106 0.004751 0.003184 0.006154 0.000000 0.039139 28.147786
