0.000000 10.000000 0.128959 1.000000 1.000000 0.033258 0.000000 0.098454 20.135373
10.000000 9.900000 0.005599 0.123010 0.067108 0.019306 0.000000 0.070740 23.006673
20.000000 9.900000 0.003400 0.071730 0.036432 0.015333 0.000000 0.058077 24.719964
30.000000 9.900000 0.002297 0.050406 0.026380 0.013440 0.000000 0.050918 25.862592
40.000000 9.900000 0.001586 0.037328 0.021038 0.012457 0.000000 0.046983 26.561115
50.000000 9.900000 0.001111 0.028755 0.017290 0.011939 0.000000 0.044846 26.965551
60.000000 9.900000 0.000792 0.022357 0.014253 0.011641 0.000000 0.043668 27.196718
70.000000 9.900000 0.000575 0.017670 0.011743 0.011462 0.000000 0.042991 27.332479
80.000000 9.900000 0.000422 0.013685 0.009703 0.011349 0.000000 0.042589 27.414088
90.000000 9.900000 0.000313 0.010809 0.008034 0.011273 0.000000 0.042344 27.464091
100.000000 9.900000 0.000237 0.008482 0.006666 0.011218 0.000000 0.042183 27.497161
110.000000 9.900000 0.000181 0.006735 0.005574 0.011178 0.000000 0.042074 27.519657
120.000000 9.900000 0.000140 0.005377 0.004696 0.011149 0.000000 0.041999 27.535218
130.000000 9.900000 0.000110 0.004452 0.003989 0.011126 0.000000 0.041947 27.545893
140.000000 9.900000 0.000087 0.003697 0.003413 0.011109 0.000000 0.041912 27.553183
150.000000 9.900000 0.000070 0.003062 0.002938 0.011097 0.000000 0.041888 27.558208
160.000000 9.900000 0.000056 0.002545 0.002552 0.011087 0.000000 0.041870 27.561847
170.000000 9.900000 0.000046 0.002121 0.002233 0.011080 0.000000 0.041857 27.564599
180.000000 9.900000 0.000039 0.001844 0.001970 0.011074 0.000000 0.041847 27.566671
190.000000 9.900000 0.000032 0.001569 0.001752 0.011069 0.000000 0.041839 27.568292
