0.000000 10.000000 0.097530 1.000000 1.000000 0.071177 0.000000 0.079100 22.036500
10.000000 9.900000 0.011508 0.150444 0.114235 0.026756 0.000000 0.035719 28.942014
20.000000 9.900000 0.005557 0.079016 0.070174 0.021936 0.000000 0.027818 31.113619
30.000000 9.900000 0.003330 0.045346 0.039647 0.019600 0.000000 0.024969 32.051994
40.000000 9.900000 0.002054 0.028809 0.024888 0.018517 0.000000 0.023867 32.444197
50.000000 9.900000 0.001351 0.019426 0.016293 0.017904 0.000000 0.023366 32.628398
60.000000 9.900000 0.000929 0.013403 0.011135 0.017549 0.000000 0.023137 32.713744
70.000000 9.900000 0.000636 0.009498 0.008119 0.017360 0.000000 0.023068 32.739984
80.000000 9.900000 0.000464 0.006927 0.006016 0.017233 0.000000 0.023036 32.751847
90.000000 9.900000 0.000342 0.005175 0.004652 0.017156 0.000000 0.023021 32.757357
100.000000 9.900000 0.000257 0.003940 0.003712 0.017108 0.000000 0.023016 32.759592
110.000000 9.900000 0.000197 0.003051 0.003026 0.017076 0.000000 0.023013 32.760424
120.000000 9.900000 0.000154 0.002401 0.002520 0.017054 0.000000 0.023012 32.761065
130.000000 9.900000 0.000121 0.001911 0.002144 0.017038 0.000000 0.023011 32.761451
140.000000 9.900000 0.000097 0.001537 0.001851 0.017026 0.000000 0.023009 32.761891
150.000000 9.900000 0.000079 0.001288 0.001619 0.017017 0.000000 0.023008 32.762309
160.000000 9.900000 0.000064 0.001056 0.001435 0.017010 0.000000 0.023008 32.762488
170.000000 9.900000 0.000053 0.000881 0.001283 0.017005 0.000000 0.023008 32.762429
