0.000000 10.000000 0.095775 1.000000 1.000000 0.067548 0.000000 0.078579 22.093867
10.000000 9.900000 0.006105 0.112111 0.101703 0.027467 0.000000 0.037812 28.447355
20.000000 9.900000 0.003039 0.056138 0.058870 0.022513 0.000000 0.027233 31.298119
30.000000 9.900000 0.001608 0.030344 0.035260 0.020760 0.000000 0.024662 32.159399
40.000000 9.900000 0.000919 0.017136 0.021203 0.020031 0.000000 0.024017 32.389728
50.000000 9.900000 0.000581 0.010857 0.013538 0.019659 0.000000 0.023787 32.473142
60.000000 9.900000 0.000369 0.006985 0.009429 0.019455 0.000000 0.023721 32.497238
70.000000 9.900000 0.000250 0.004824 0.006904 0.019331 0.000000 0.023695 32.507012
80.000000 9.900000 0.000173 0.003379 0.005369 0.019261 0.000000 0.023690 32.508763
90.000000 9.900000 0.000124 0.002497 0.004362 0.019214 0.000000 0.023693 32.507490
100.000000 9.900000 0.000090 0.001925 0.003657 0.019182 0.000000 0.023696 32.506433
110.000000 9.900000 0.000068 0.001487 0.003146 0.019159 0.000000 0.023697 32.506197
120.000000 9.900000 0.000053 0.001224 0.002756 0.019143 0.000000 0.023696 32.506398
130.000000 9.900000 0.000042 0.000999 0.002452 0.019131 0.000000 0.023696 32.506525
