0.000000 10.000000 0.103942 1.000000 1.000000 0.038625 0.000000 0.074538 22.552466
10.000000 9.900000 0.005334 0.117157 0.066342 0.020208 0.000000 0.042979 27.334919
20.000000 9.900000 0.002481 0.062260 0.039172 0.017069 0.000000 0.034930 29.136013
30.000000 9.900000 0.001258 0.037891 0.026327 0.016131 0.000000 0.032923 29.650027
40.000000 9.900000 0.000680 0.023908 0.018070 0.015770 0.000000 0.032396 29.790040
50.000000 9.900000 0.000395 0.015295 0.012548 0.015591 0.000000 0.032231 29.834487
60.000000 9.900000 0.000245 0.010074 0.008913 0.015490 0.000000 0.032177 29.849024
70.000000 9.900000 0.000160 0.006941 0.006523 0.015430 0.000000 0.032162 29.853228
80.000000 9.900000 0.000110 0.004960 0.004925 0.015393 0.000000 0.032155 29.855109
90.000000 9.900000 0.000077 0.003656 0.003830 0.015369 0.000000 0.032150 29.856427
100.000000 9.900000 0.000056 0.002809 0.003066 0.015353 0.000000 0.032146 29.857447
110.000000 9.900000 0.000043 0.002164 0.002510 0.015342 0.000000 0.032143 29.858365
120.000000 9.900000 0.000033 0.001690 0.002103 0.015334 0.000000 0.032140 29.859117
130.000000 9.900000 0.000026 0.001391 0.001792 0.015328 0.000000 0.032138 29.859635
140.000000 9.900000 0.000021 0.001158 0.001546 0.015324 0.000000 0.032137 29.859950
150.000000 9.900000 0.000018 0.000953 0.001348 0.015321 0.000000 0.032136 29.860130
