0.000000 10.000000 0.099726 1.000000 1.000000 0.060707 0.000000 0.063048 24.006581
10.000000 9.900000 0.006879 0.126485 0.101914 0.025930 0.000000 0.024082 32.366309
20.000000 9.900000 0.002618 0.051260 0.044065 0.022625 0.000000 0.019674 34.122108
30.000000 9.900000 0.001198 0.024219 0.021312 0.021460 0.000000 0.018709 34.559115
40.000000 9.900000 0.000615 0.012633 0.011901 0.021015 0.000000 0.018506 34.653621
50.000000 9.900000 0.000338 0.007311 0.007645 0.020844 0.000000 0.018464 34.673449
60.000000 9.900000 0.000201 0.004530 0.005391 0.020763 0.000000 0.018458 34.676298
70.000000 9.900000 0.000128 0.002998 0.004057 0.020720 0.000000 0.018458 34.676214
80.000000 9.900000 0.000086 0.002127 0.003202 0.020694 0.000000 0.018458 34.676462
90.000000 9.900000 0.000061 0.001588 0.002609 0.020676 0.000000 0.018457 34.676672
100.000000 9.900000 0.000046 0.001198 0.002178 0.020663 0.000000 0.018457 34.676778
110.000000 9.900000 0.000035 0.000978 0.001855 0.020654 0.000000 0.018457 34.676806
