0.000000 10.000000 0.098965 1.000000 1.000000 0.041719 0.000000 0.100112 19.990295
10.000000 9.900000 0.004886 0.110797 0.088010 0.019065 0.000000 0.079917 21.947202
20.000000 9.900000 0.003100 0.072910 0.053281 0.014737 0.000000 0.069531 23.156407
30.000000 9.900000 0.002241 0.054751 0.038870 0.012693 0.000000 0.062539 24.076996
40.000000 9.900000 0.001721 0.043267 0.030298 0.011493 0.000000 0.057776 24.765094
50.000000 9.900000 0.001353 0.034782 0.024565 0.010764 0.000000 0.054553 25.263566
60.000000 9.900000 0.001080 0.028426 0.020219 0.010291 0.000000 0.052395 25.614268
70.000000 9.900000 0.000870 0.023184 0.016906 0.009969 0.000000 0.050969 25.853949
80.000000 9.900000 0.000704 0.018959 0.014221 0.009741 0.000000 0.050031 26.015215
90.000000 9.900000 0.000573 0.015502 0.011978 0.009574 0.000000 0.049416 26.122697
100.000000 9.900000 0.000470 0.012813 0.010085 0.009446 0.000000 0.049009 26.194487
110.000000 9.900000 0.000389 0.010758 0.008510 0.009352 0.000000 0.048736 26.242960
120.000000 9.900000 0.000322 0.008920 0.007259 0.009283 0.000000 0.048560 26.274371
130.000000 9.900000 0.000268 0.007405 0.006229 0.009227 0.000000 0.048447 26.294592
140.000000 9.900000 0.000224 0.006152 0.005372 0.009184 0.000000 0.048373 26.307995
150.000000 9.900000 0.000188 0.005221 0.004683 0.009148 0.000000 0.048323 26.316846
160.000000 9.900000 0.000159 0.004464 0.004090 0.009119 0.000000 0.048291 26.322690
170.000000 9.900000 0.000135 0.003761 0.003593 0.009096 0.000000 0.048269 26.326687
180.000000 9.900000 0.000116 0.003198 0.003176 0.009078 0.000000 0.048255 26.329118
190.000000 9.900000 0.000101 0.002691 0.002831 0.009062 0.000000 0.048248 26.330481
