0.000000 10.000000 0.099771 1.000000 1.000000 0.046882 0.000000 0.080762 21.855848
10.000000 9.900000 0.007250 0.125632 0.088789 0.022075 0.000000 0.052928 25.526300
20.000000 9.900000 0.004078 0.077689 0.053265 0.018004 0.000000 0.042661 27.399472
30.000000 9.900000 0.002539 0.050527 0.035828 0.016331 0.000000 0.038195 28.359873
40.000000 9.900000 0.001630 0.033540 0.024910 0.015526 0.000000 0.036263 28.810712
50.000000 9.900000 0.001097 0.022740 0.017457 0.015061 0.000000 0.035358 29.030222
60.000000 9.900000 0.000753 0.015782 0.012537 0.014786 0.000000 0.034927 29.136835
70.000000 9.900000 0.000531 0.011117 0.009208 0.014611 0.000000 0.034703 29.192579
80.000000 9.900000 0.000386 0.008049 0.006935 0.014496 0.000000 0.034589 29.221363
90.000000 9.900000 0.000286 0.005971 0.005361 0.014424 0.000000 0.034528 29.236523
100.000000 9.900000 0.000216 0.004474 0.004271 0.014378 0.000000 0.034495 29.244801
110.000000 9.900000 0.000164 0.003406 0.003504 0.014347 0.000000 0.034478 29.249169
120.000000 9.900000 0.000126 0.002681 0.002935 0.014325 0.000000 0.034466 29.252093
130.000000 9.900000 0.000099 0.002124 0.002495 0.014309 0.000000 0.034456 29.254602
140.000000 9.900000 0.000079 0.001693 0.002160 0.014297 0.000000 0.034447 29.256879
150.000000 9.900000 0.000063 0.001386 0.001900 0.014288 0.000000 0.034439 29.258934
160.000000 9.900000 0.000051 0.001167 0.001690 0.014281 0.000000 0.034433 29.260531
170.000000 9.900000 0.000042 0.000993 0.001517 0.014276 0.000000 0.034429 29.261630
