0.000000 10.000000 0.108491 1.000000 1.000000 0.051869 0.000000 0.085498 21.360912
10.000000 9.900000 0.006389 0.091907 0.065709 0.028403 0.000000 0.052775 25.551354
20.000000 9.900000 0.002670 0.041775 0.036207 0.025511 0.000000 0.046690 26.615561
30.000000 9.900000 0.001256 0.022370 0.022610 0.024835 0.000000 0.045419 26.855311
40.000000 9.900000 0.000645 0.012990 0.014452 0.024576 0.000000 0.045122 26.912186
50.000000 9.900000 0.000353 0.007719 0.009584 0.024442 0.000000 0.045037 26.928609
60.000000 9.900000 0.000207 0.004921 0.006672 0.024369 0.000000 0.045007 26.934442
70.000000 9.900000 0.000129 0.003352 0.004862 0.024327 0.000000 0.044995 26.936715
80.000000 9.900000 0.000086 0.002376 0.003704 0.024301 0.000000 0.044991 26.937527
90.000000 9.900000 0.000060 0.001731 0.002922 0.024285 0.000000 0.044989 26.937860
100.000000 9.900000 0.000044 0.001325 0.002374 0.024273 0.000000 0.044988 26.938001
110.000000 9.900000 0.000034 0.001054 0.001977 0.024265 0.000000 0.044988 26.938039
120.000000 9.900000 0.000027 0.000837 0.001673 0.024260 0.000000 0.044988 26.938073
