0.000000 10.000000 0.114955 1.000000 1.000000 0.024222 0.000000 0.066340 23.564477
10.000000 9.900000 0.005716 0.143179 0.081709 0.013680 0.000000 0.051230 25.809578
20.000000 9.900000 0.003542 0.085046 0.045292 0.010730 0.000000 0.044907 26.953679
30.000000 9.900000 0.002478 0.061318 0.032775 0.009355 0.000000 0.041712 27.594822
40.000000 9.900000 0.001828 0.046635 0.025855 0.008549 0.000000 0.039936 27.972660
50.000000 9.900000 0.001376 0.037303 0.021243 0.008090 0.000000 0.038955 28.188736
60.000000 9.900000 0.001061 0.029684 0.017740 0.007807 0.000000 0.038411 28.310927
70.000000 9.900000 0.000836 0.024562 0.014849 0.007615 0.000000 0.038102 28.381047
80.000000 9.900000 0.000666 0.019912 0.012411 0.007479 0.000000 0.037920 28.422560
90.000000 9.900000 0.000536 0.016710 0.010357 0.007378 0.000000 0.037818 28.446088
100.000000 9.900000 0.000440 0.013508 0.008611 0.007294 0.000000 0.037762 28.458969
110.000000 9.900000 0.000363 0.011149 0.007172 0.007228 0.000000 0.037738 28.464315
120.000000 9.900000 0.000298 0.009300 0.006014 0.007176 0.000000 0.037737 28.464643
130.000000 9.900000 0.000248 0.007717 0.005074 0.007133 0.000000 0.037746 28.462591
140.000000 9.900000 0.000208 0.006408 0.004314 0.007100 0.000000 0.037760 28.459246
150.000000 9.900000 0.000176 0.005475 0.003708 0.007075 0.000000 0.037777 28.455362
160.000000 9.900000 0.000149 0.004601 0.003225 0.007056 0.000000 0.037794 28.451543
170.000000 9.900000 0.000127 0.003942 0.002835 0.007041 0.000000 0.037810 28.447928
180.000000 9.900000 0.000108 0.003336 0.002518 0.007029 0.000000 0.037825 28.444513
190.000000 9.900000 0.000094 0.002935 0.002255 0.007020 0.000000 0.037839 28.441185
