0.000000 10.000000 0.103413 1.000000 1.000000 0.049060 0.000000 0.082158 21.706953
10.000000 9.900000 0.004923 0.116861 0.081478 0.022395 0.000000 0.048566 26.273432
20.000000 9.900000 0.002510 0.065063 0.048576 0.018113 0.000000 0.037755 28.460521
30.000000 9.900000 0.001324 0.037561 0.032745 0.016740 0.000000 0.034268 29.302179
40.000000 9.900000 0.000735 0.022512 0.022207 0.016175 0.000000 0.033081 29.608433
50.000000 9.900000 0.000443 0.014106 0.015124 0.015882 0.000000 0.032591 29.737998
60.000000 9.900000 0.000276 0.008947 0.010684 0.015722 0.000000 0.032380 29.794380
70.000000 9.900000 0.000179 0.006090 0.007930 0.015630 0.000000 0.032298 29.816481
80.000000 9.900000 0.000121 0.004359 0.006170 0.015576 0.000000 0.032267 29.824934
90.000000 9.900000 0.000085 0.003334 0.005005 0.015541 0.000000 0.032257 29.827495
100.000000 9.900000 0.000063 0.002548 0.004188 0.015518 0.000000 0.032258 29.827189
110.000000 9.900000 0.000048 0.002139 0.003582 0.015501 0.000000 0.032262 29.826211
120.000000 9.900000 0.000038 0.001751 0.003112 0.015489 0.000000 0.032265 29.825237
130.000000 9.900000 0.000030 0.001470 0.002753 0.015479 0.000000 0.032268 29.824444
140.000000 9.900000 0.000025 0.001279 0.002463 0.015471 0.000000 0.032271 29.823810
150.000000 9.900000 0.000022 0.001113 0.002223 0.015466 0.000000 0.032272 29.823350
160.000000 9.900000 0.000019 0.000972 0.002024 0.015460 0.000000 0.032273 29.823123
