0.000000 10.000000 0.095628 1.000000 1.000000 0.045074 0.000000 0.100500 19.956646
10.000000 9.900000 0.008155 0.109668 0.089447 0.022461 0.000000 0.084223 21.491344
20.000000 9.900000 0.005037 0.067470 0.054578 0.018209 0.000000 0.078389 22.114902
30.000000 9.900000 0.003528 0.047617 0.040115 0.016383 0.000000 0.075392 22.453518
40.000000 9.900000 0.002682 0.036259 0.030365 0.015281 0.000000 0.073562 22.666918
50.000000 9.900000 0.002134 0.028418 0.023099 0.014523 0.000000 0.072405 22.804675
60.000000 9.900000 0.001699 0.022529 0.018469 0.014040 0.000000 0.071729 22.886073
70.000000 9.900000 0.001357 0.018227 0.015151 0.013727 0.000000 0.071349 22.932232
80.000000 9.900000 0.001128 0.014725 0.012267 0.013460 0.000000 0.071113 22.961045
90.000000 9.900000 0.000940 0.012159 0.010152 0.013263 0.000000 0.070973 22.978082
100.000000 9.900000 0.000772 0.010129 0.008662 0.013135 0.000000 0.070910 22.985906
110.000000 9.900000 0.000649 0.008528 0.007317 0.013026 0.000000 0.070886 22.988811
120.000000 9.900000 0.000559 0.007191 0.006157 0.012927 0.000000 0.070884 22.989046
130.000000 9.900000 0.000476 0.006182 0.005308 0.012858 0.000000 0.070898 22.987262
140.000000 9.900000 0.000408 0.005261 0.004603 0.012804 0.000000 0.070923 22.984262
150.000000 9.900000 0.000355 0.004564 0.003976 0.012755 0.000000 0.070948 22.981192
160.000000 9.900000 0.000309 0.003924 0.003468 0.012718 0.000000 0.070974 22.977958
170.000000 9.900000 0.000270 0.003409 0.003055 0.012688 0.000000 0.071003 22.974407
180.000000 9.900000 0.000235 0.002960 0.002719 0.012665 0.000000 0.071033 22.970751
190.000000 9.900000 0.000206 0.002617 0.002420 0.012645 0.000000 0.071062 22.967264
