0.000000 10.000000 0.104036 1.000000 1.000000 0.052063 0.000000 0.068844 23.242708
10.000000 9.900000 0.006499 0.130002 0.088201 0.023394 0.000000 0.033682 29.451916
20.000000 9.900000 0.002641 0.063116 0.046978 0.020305 0.000000 0.027355 31.259213
30.000000 9.900000 0.001266 0.031792 0.025629 0.019177 0.000000 0.025851 31.750506
40.000000 9.900000 0.000679 0.017170 0.014775 0.018695 0.000000 0.025414 31.898680
50.000000 9.900000 0.000382 0.009857 0.009366 0.018491 0.000000 0.025297 31.938519
60.000000 9.900000 0.000230 0.006121 0.006478 0.018395 0.000000 0.025263 31.950139
70.000000 9.900000 0.000145 0.004014 0.004824 0.018348 0.000000 0.025256 31.952841
80.000000 9.900000 0.000096 0.002825 0.003798 0.018322 0.000000 0.025253 31.953809
90.000000 9.900000 0.000068 0.002054 0.003108 0.018305 0.000000 0.025249 31.955173
100.000000 9.900000 0.000050 0.001577 0.002614 0.018293 0.000000 0.025245 31.956478
110.000000 9.900000 0.000038 0.001260 0.002242 0.018285 0.000000 0.025243 31.957185
120.000000 9.900000 0.000030 0.001074 0.001954 0.018279 0.000000 0.025242 31.957563
130.000000 9.900000 0.000025 0.000875 0.001724 0.018274 0.000000 0.025241 31.957717
