0.000000 10.000000 0.104267 1.000000 1.000000 0.041958 0.000000 0.071774 22.880612
10.000000 9.900000 0.005389 0.119030 0.068916 0.020869 0.000000 0.037535 28.511192
20.000000 9.900000 0.002203 0.060673 0.039978 0.017993 0.000000 0.030865 30.210745
30.000000 9.900000 0.001007 0.034056 0.025361 0.017218 0.000000 0.029597 30.575190
40.000000 9.900000 0.000517 0.020125 0.016335 0.016908 0.000000 0.029291 30.665241
50.000000 9.900000 0.000294 0.012376 0.010843 0.016751 0.000000 0.029200 30.692334
60.000000 9.900000 0.000182 0.007999 0.007517 0.016666 0.000000 0.029174 30.700115
70.000000 9.900000 0.000119 0.005422 0.005452 0.016618 0.000000 0.029170 30.701364
80.000000 9.900000 0.000080 0.003846 0.004131 0.016590 0.000000 0.029170 30.701378
90.000000 9.900000 0.000057 0.002836 0.003245 0.016571 0.000000 0.029169 30.701712
100.000000 9.900000 0.000042 0.002191 0.002627 0.016559 0.000000 0.029167 30.702102
110.000000 9.900000 0.000032 0.001719 0.002174 0.016550 0.000000 0.029166 30.702444
120.000000 9.900000 0.000025 0.001355 0.001832 0.016544 0.000000 0.029165 30.702715
130.000000 9.900000 0.000020 0.001126 0.001570 0.016540 0.000000 0.029165 30.702897
140.000000 9.900000 0.000017 0.000935 0.001362 0.016536 0.000000 0.029164 30.703069
