0.000000 10.000000 0.125727 1.000000 1.000000 0.063665 0.000000 0.087630 21.146938
10.000000 9.900000 0.008075 0.134276 0.087978 0.025992 0.000000 0.042885 27.353805
20.000000 9.900000 0.003667 0.071301 0.051402 0.020960 0.000000 0.030746 30.244275
30.000000 9.900000 0.001778 0.037119 0.031207 0.019379 0.000000 0.027538 31.201260
40.000000 9.900000 0.000931 0.020441 0.019092 0.018695 0.000000 0.026518 31.529276
50.000000 9.900000 0.000531 0.012167 0.012073 0.018381 0.000000 0.026078 31.674454
60.000000 9.900000 0.000313 0.007368 0.008191 0.018232 0.000000 0.025916 31.728688
70.000000 9.900000 0.000194 0.004870 0.005959 0.018158 0.000000 0.025867 31.745102
80.000000 9.900000 0.000129 0.003459 0.004598 0.018119 0.000000 0.025859 31.747704
90.000000 9.900000 0.000089 0.002464 0.003709 0.018096 0.000000 0.025870 31.744072
100.000000 9.900000 0.000064 0.001854 0.003085 0.018082 0.000000 0.025883 31.739679
110.000000 9.900000 0.000048 0.001463 0.002623 0.018073 0.000000 0.025891 31.736963
120.000000 9.900000 0.000037 0.001167 0.002272 0.018066 0.000000 0.025895 31.735638
130.000000 9.900000 0.000030 0.000987 0.001996 0.018061 0.000000 0.025896 31.735227
