0.000000 10.000000 0.104426 1.000000 1.000000 0.063110 0.000000 0.074362 22.572945
10.000000 9.900000 0.005478 0.113696 0.093354 0.025621 0.000000 0.036639 28.721234
20.000000 9.900000 0.002476 0.053679 0.052795 0.021522 0.000000 0.028142 31.013040
30.000000 9.900000 0.001224 0.026694 0.030429 0.020150 0.000000 0.026120 31.660403
40.000000 9.900000 0.000656 0.014773 0.018109 0.019548 0.000000 0.025521 31.862057
50.000000 9.900000 0.000381 0.008803 0.011647 0.019278 0.000000 0.025338 31.924421
60.000000 9.900000 0.000233 0.005680 0.008231 0.019149 0.000000 0.025296 31.938952
70.000000 9.900000 0.000148 0.003796 0.006284 0.019078 0.000000 0.025288 31.941795
80.000000 9.900000 0.000100 0.002754 0.005047 0.019035 0.000000 0.025290 31.940868
90.000000 9.900000 0.000069 0.002063 0.004239 0.019012 0.000000 0.025294 31.939568
100.000000 9.900000 0.000052 0.001647 0.003646 0.018997 0.000000 0.025295 31.939351
110.000000 9.900000 0.000040 0.001349 0.003204 0.018986 0.000000 0.025294 31.939584
120.000000 9.900000 0.000032 0.001135 0.002862 0.018978 0.000000 0.025294 31.939580
130.000000 9.900000 0.000026 0.000953 0.002591 0.018973 0.000000 0.025294 31.939586
