0.000000 10.000000 0.108758 1.000000 1.000000 0.042424 0.000000 0.084064 21.507832
10.000000 9.900000 0.006882 0.127201 0.060719 0.021919 0.000000 0.051627 25.742389
20.000000 9.900000 0.003530 0.068038 0.036289 0.017331 0.000000 0.040795 27.787807
30.000000 9.900000 0.001996 0.043589 0.026817 0.015824 0.000000 0.037306 28.564423
40.000000 9.900000 0.001180 0.029827 0.020601 0.015305 0.000000 0.036356 28.788388
50.000000 9.900000 0.000729 0.020957 0.015749 0.015104 0.000000 0.036113 28.846798
60.000000 9.900000 0.000470 0.014817 0.011965 0.015004 0.000000 0.036052 28.861321
70.000000 9.900000 0.000315 0.010496 0.009087 0.014940 0.000000 0.036033 28.866027
80.000000 9.900000 0.000220 0.007674 0.006964 0.014896 0.000000 0.036022 28.868530
90.000000 9.900000 0.000156 0.005757 0.005422 0.014865 0.000000 0.036016 28.870139
100.000000 9.900000 0.000114 0.004335 0.004294 0.014843 0.000000 0.036011 28.871273
110.000000 9.900000 0.000085 0.003383 0.003464 0.014827 0.000000 0.036008 28.872026
120.000000 9.900000 0.000064 0.002626 0.002853 0.014815 0.000000 0.036006 28.872519
130.000000 9.900000 0.000050 0.002134 0.002389 0.014806 0.000000 0.036004 28.872932
140.000000 9.900000 0.000040 0.001769 0.002034 0.014800 0.000000 0.036003 28.873292
150.000000 9.900000 0.000032 0.001452 0.001753 0.014795 0.000000 0.036001 28.873633
160.000000 9.900000 0.000026 0.001212 0.001530 0.014791 0.000000 0.036000 28.873967
170.000000 9.900000 0.000022 0.001050 0.001350 0.014788 0.000000 0.035999 28.874269
180.000000 9.900000 0.000018 0.000917 0.001202 0.014785 0.000000 0.035998 28.874547
