0.000000 10.000000 0.103433 1.000000 1.000000 0.034982 0.000000 0.087483 21.161558
10.000000 9.900000 0.003974 0.111729 0.064938 0.018769 0.000000 0.057378 24.825056
20.000000 9.900000 0.002164 0.060860 0.038148 0.015182 0.000000 0.046909 26.574796
30.000000 9.900000 0.001295 0.039154 0.027684 0.013807 0.000000 0.042654 27.400875
40.000000 9.900000 0.000784 0.026707 0.021105 0.013245 0.000000 0.041001 27.744196
50.000000 9.900000 0.000486 0.018591 0.016117 0.012987 0.000000 0.040361 27.880773
60.000000 9.900000 0.000308 0.012907 0.012339 0.012857 0.000000 0.040097 27.937718
70.000000 9.900000 0.000200 0.009202 0.009547 0.012782 0.000000 0.039984 27.962206
80.000000 9.900000 0.000133 0.006714 0.007533 0.012736 0.000000 0.039933 27.973436
90.000000 9.900000 0.000092 0.004988 0.006074 0.012706 0.000000 0.039907 27.978996
100.000000 9.900000 0.000066 0.003890 0.005023 0.012685 0.000000 0.039894 27.981744
110.000000 9.900000 0.000048 0.003047 0.004256 0.012670 0.000000 0.039888 27.983216
120.000000 9.900000 0.000037 0.002623 0.003678 0.012660 0.000000 0.039885 27.983789
130.000000 9.900000 0.000029 0.002198 0.003231 0.012652 0.000000 0.039884 27.983956
140.000000 9.900000 0.000024 0.001955 0.002876 0.012645 0.000000 0.039884 27.984003
150.000000 9.900000 0.000020 0.001689 0.002593 0.012640 0.000000 0.039884 27.984052
160.000000 9.900000 0.000017 0.001533 0.002358 0.012636 0.000000 0.039883 27.984175
170.000000 9.900000 0.000015 0.001375 0.002161 0.012632 0.000000 0.039883 27.984315
180.000000 9.900000 0.000013 0.001259 0.001990 0.012629 0.000000 0.039882 27.984431
190.000000 9.900000 0.000012 0.001158 0.001841 0.012626 0.000000 0.039882 27.984549
