0.000000 10.000000 0.101505 1.000000 1.000000 0.051047 0.000000 0.117494 18.599692
10.000000 9.900000 0.008284 0.106994 0.091169 0.024088 0.000000 0.093277 20.604533
20.000000 9.900000 0.005395 0.074167 0.056830 0.018268 0.000000 0.079841 21.955460
30.000000 9.900000 0.003989 0.058731 0.042571 0.015396 0.000000 0.070365 23.052820
40.000000 9.900000 0.003130 0.049786 0.033528 0.013636 0.000000 0.063510 23.943166
50.000000 9.900000 0.002531 0.041969 0.026898 0.012461 0.000000 0.058613 24.640065
60.000000 9.900000 0.002059 0.035515 0.022316 0.011687 0.000000 0.055283 25.148176
70.000000 9.900000 0.001665 0.029871 0.018971 0.011181 0.000000 0.053144 25.490988
80.000000 9.900000 0.001349 0.025177 0.016149 0.010831 0.000000 0.051786 25.715756
90.000000 9.900000 0.001109 0.020949 0.013575 0.010556 0.000000 0.050905 25.864780
100.000000 9.900000 0.000908 0.017156 0.011561 0.010369 0.000000 0.050329 25.963657
110.000000 9.900000 0.000752 0.014439 0.009814 0.010221 0.000000 0.049950 26.029212
120.000000 9.900000 0.000626 0.011899 0.008351 0.010106 0.000000 0.049686 26.075328
130.000000 9.900000 0.000525 0.010000 0.007147 0.010017 0.000000 0.049487 26.110226
140.000000 9.900000 0.000446 0.008494 0.006131 0.009943 0.000000 0.049335 26.136844
150.000000 9.900000 0.000382 0.007257 0.005284 0.009885 0.000000 0.049221 26.157008
160.000000 9.900000 0.000329 0.006200 0.004584 0.009836 0.000000 0.049132 26.172677
170.000000 9.900000 0.000285 0.005386 0.003999 0.009796 0.000000 0.049061 26.185295
180.000000 9.900000 0.000248 0.004693 0.003508 0.009764 0.000000 0.049003 26.195612
190.000000 9.900000 0.000215 0.004063 0.003116 0.009741 0.000000 0.048958 26.203541
