0.000000 10.000000 0.097092 1.000000 1.000000 0.043202 0.000000 0.070739 23.006768
10.000000 9.900000 0.009245 0.134686 0.105396 0.017954 0.000000 0.042767 27.377744
20.000000 9.900000 0.005373 0.083686 0.073248 0.014249 0.000000 0.034641 29.208167
30.000000 9.900000 0.003563 0.058744 0.051211 0.012602 0.000000 0.031192 30.119267
40.000000 9.900000 0.002681 0.042240 0.033725 0.011398 0.000000 0.028869 30.791402
50.000000 9.900000 0.001953 0.031206 0.024623 0.010756 0.000000 0.027802 31.118626
60.000000 9.900000 0.001377 0.023786 0.019015 0.010390 0.000000 0.027388 31.248812
70.000000 9.900000 0.001142 0.018212 0.013484 0.009981 0.000000 0.027008 31.370023
80.000000 9.900000 0.000869 0.014430 0.010700 0.009789 0.000000 0.026835 31.425844
90.000000 9.900000 0.000660 0.011474 0.008641 0.009653 0.000000 0.026764 31.448844
100.000000 9.900000 0.000543 0.009176 0.006780 0.009524 0.000000 0.026697 31.470698
110.000000 9.900000 0.000443 0.007530 0.005519 0.009438 0.000000 0.026650 31.486124
120.000000 9.900000 0.000353 0.006258 0.004647 0.009383 0.000000 0.026627 31.493397
130.000000 9.900000 0.000291 0.005139 0.003897 0.009335 0.000000 0.026615 31.497496
140.000000 9.900000 0.000242 0.004346 0.003308 0.009300 0.000000 0.026607 31.500164
150.000000 9.900000 0.000204 0.003640 0.002841 0.009273 0.000000 0.026602 31.501623
160.000000 9.900000 0.000172 0.003105 0.002477 0.009252 0.000000 0.026601 31.502110
170.000000 9.900000 0.000146 0.002625 0.002184 0.009236 0.000000 0.026600 31.502371
180.000000 9.900000 0.000125 0.002278 0.001932 0.009223 0.000000 0.026600 31.502445
190.000000 9.900000 0.000108 0.001971 0.001726 0.009213 0.000000 0.026600 31.502354
