0.000000 10.000000 0.101712 1.000000 1.000000 0.031508 0.000000 0.073804 22.638375
10.000000 9.900000 0.007695 0.138206 0.091529 0.014898 0.000000 0.054795 25.225139
20.000000 9.900000 0.005056 0.093220 0.059362 0.011411 0.000000 0.046053 26.734859
30.000000 9.900000 0.003658 0.069226 0.046975 0.009870 0.000000 0.041718 27.593461
40.000000 9.900000 0.002804 0.055263 0.038400 0.008955 0.000000 0.039512 28.065386
50.000000 9.900000 0.002191 0.045057 0.031995 0.008426 0.000000 0.038288 28.338858
60.000000 9.900000 0.001792 0.037641 0.025926 0.008000 0.000000 0.037404 28.541752
70.000000 9.900000 0.001496 0.030745 0.020794 0.007664 0.000000 0.036765 28.691247
80.000000 9.900000 0.001267 0.025075 0.016725 0.007390 0.000000 0.036361 28.787345
90.000000 9.900000 0.001054 0.020744 0.013932 0.007196 0.000000 0.036146 28.838887
100.000000 9.900000 0.000867 0.017437 0.011884 0.007063 0.000000 0.036028 28.867188
110.000000 9.900000 0.000735 0.014681 0.010063 0.006941 0.000000 0.035933 28.890211
120.000000 9.900000 0.000638 0.012479 0.008462 0.006832 0.000000 0.035846 28.911112
130.000000 9.900000 0.000560 0.010780 0.007162 0.006742 0.000000 0.035780 28.927108
140.000000 9.900000 0.000484 0.009183 0.006195 0.006678 0.000000 0.035746 28.935341
150.000000 9.900000 0.000410 0.008064 0.005482 0.006631 0.000000 0.035736 28.937942
160.000000 9.900000 0.000354 0.007077 0.004818 0.006587 0.000000 0.035732 28.938817
170.000000 9.900000 0.000313 0.006222 0.004199 0.006545 0.000000 0.035729 28.939660
180.000000 9.900000 0.000276 0.005381 0.003693 0.006511 0.000000 0.035727 28.940146
190.000000 9.900000 0.000244 0.004850 0.003266 0.006483 0.000000 0.035726 28.940427
