0.000000 10.000000 0.095384 1.000000 1.000000 0.042986 0.000000 0.102457 19.789136
10.000000 9.900000 0.005150 0.111212 0.091324 0.019816 0.000000 0.082014 21.722246
20.000000 9.900000 0.003256 0.072675 0.055251 0.015262 0.000000 0.071706 22.888882
30.000000 9.900000 0.002363 0.053813 0.039883 0.013080 0.000000 0.064836 23.763665
40.000000 9.900000 0.001816 0.042443 0.031024 0.011837 0.000000 0.060191 24.409310
50.000000 9.900000 0.001443 0.034492 0.024963 0.011043 0.000000 0.057056 24.873991
60.000000 9.900000 0.001158 0.028196 0.020607 0.010526 0.000000 0.054961 25.198895
70.000000 9.900000 0.000935 0.022884 0.017231 0.010180 0.000000 0.053573 25.421143
80.000000 9.900000 0.000762 0.018923 0.014533 0.009932 0.000000 0.052623 25.576412
90.000000 9.900000 0.000631 0.015518 0.012242 0.009741 0.000000 0.051974 25.684207
100.000000 9.900000 0.000523 0.013142 0.010370 0.009603 0.000000 0.051536 25.757789
110.000000 9.900000 0.000433 0.010951 0.008883 0.009507 0.000000 0.051246 25.806794
120.000000 9.900000 0.000361 0.009304 0.007623 0.009431 0.000000 0.051045 25.840919
130.000000 9.900000 0.000303 0.007682 0.006567 0.009372 0.000000 0.050898 25.865985
140.000000 9.900000 0.000259 0.006444 0.005661 0.009322 0.000000 0.050788 25.884702
150.000000 9.900000 0.000222 0.005599 0.004924 0.009283 0.000000 0.050708 25.898509
160.000000 9.900000 0.000189 0.004741 0.004345 0.009253 0.000000 0.050647 25.908954
170.000000 9.900000 0.000164 0.004030 0.003831 0.009225 0.000000 0.050598 25.917379
180.000000 9.900000 0.000144 0.003502 0.003398 0.009202 0.000000 0.050560 25.923889
190.000000 9.900000 0.000125 0.003034 0.003054 0.009185 0.000000 0.050534 25.928265
