0.000000 10.000000 0.129037 1.000000 1.000000 0.037366 0.000000 0.104503 19.617436
10.000000 9.900000 0.006242 0.122288 0.078125 0.020214 0.000000 0.084006 21.513753
20.000000 9.900000 0.003989 0.076880 0.043105 0.015873 0.000000 0.073209 22.708653
30.000000 9.900000 0.002880 0.055903 0.031398 0.013772 0.000000 0.065687 23.650383
40.000000 9.900000 0.002188 0.044598 0.024997 0.012535 0.000000 0.060420 24.376337
50.000000 9.900000 0.001697 0.036170 0.020661 0.011781 0.000000 0.056783 24.915561
60.000000 9.900000 0.001338 0.029281 0.017301 0.011282 0.000000 0.054297 25.304424
70.000000 9.900000 0.001063 0.024282 0.014649 0.010943 0.000000 0.052607 25.579175
80.000000 9.900000 0.000851 0.020095 0.012518 0.010711 0.000000 0.051450 25.772276
90.000000 9.900000 0.000686 0.016497 0.010769 0.010552 0.000000 0.050641 25.909968
100.000000 9.900000 0.000555 0.013699 0.009315 0.010438 0.000000 0.050060 26.010132
110.000000 9.900000 0.000451 0.011492 0.008051 0.010353 0.000000 0.049642 26.082983
120.000000 9.900000 0.000371 0.009642 0.006940 0.010285 0.000000 0.049337 26.136598
130.000000 9.900000 0.000307 0.008094 0.005993 0.010233 0.000000 0.049111 26.176442
140.000000 9.900000 0.000256 0.006696 0.005189 0.010192 0.000000 0.048942 26.206382
150.000000 9.900000 0.000215 0.005683 0.004487 0.010159 0.000000 0.048809 26.230051
160.000000 9.900000 0.000181 0.004805 0.003880 0.010133 0.000000 0.048699 26.249578
170.000000 9.900000 0.000154 0.004114 0.003371 0.010112 0.000000 0.048608 26.265886
180.000000 9.900000 0.000131 0.003414 0.002940 0.010094 0.000000 0.048531 26.279537
190.000000 9.900000 0.000112 0.003028 0.002580 0.010079 0.000000 0.048467 26.291028
