0.000000 10.000000 0.100939 1.000000 1.000000 0.041045 0.000000 0.068508 23.285151
10.000000 9.900000 0.008777 0.137596 0.100530 0.017349 0.000000 0.041017 27.740799
20.000000 9.900000 0.005069 0.085891 0.068829 0.013665 0.000000 0.032675 29.715801
30.000000 9.900000 0.003261 0.060260 0.049751 0.012170 0.000000 0.029500 30.603575
40.000000 9.900000 0.002418 0.042458 0.033118 0.011086 0.000000 0.027381 31.250895
50.000000 9.900000 0.001758 0.030453 0.023190 0.010436 0.000000 0.026316 31.595470
60.000000 9.900000 0.001227 0.022398 0.017423 0.010074 0.000000 0.025892 31.736523
70.000000 9.900000 0.000956 0.016869 0.012709 0.009750 0.000000 0.025587 31.839458
80.000000 9.900000 0.000732 0.012905 0.009744 0.009561 0.000000 0.025421 31.895994
90.000000 9.900000 0.000563 0.010118 0.007712 0.009430 0.000000 0.025344 31.922537
100.000000 9.900000 0.000437 0.007984 0.006238 0.009338 0.000000 0.025300 31.937710
110.000000 9.900000 0.000352 0.006343 0.005078 0.009266 0.000000 0.025272 31.947073
120.000000 9.900000 0.000287 0.005190 0.004209 0.009215 0.000000 0.025260 31.951201
130.000000 9.900000 0.000230 0.004267 0.003579 0.009181 0.000000 0.025261 31.950848
140.000000 9.900000 0.000188 0.003524 0.003075 0.009155 0.000000 0.025268 31.948550
150.000000 9.900000 0.000156 0.002939 0.002664 0.009133 0.000000 0.025274 31.946467
160.000000 9.900000 0.000131 0.002520 0.002334 0.009117 0.000000 0.025278 31.945010
170.000000 9.900000 0.000110 0.002109 0.002071 0.009105 0.000000 0.025282 31.943826
180.000000 9.900000 0.000093 0.001793 0.001857 0.009095 0.000000 0.025284 31.943027
190.000000 9.900000 0.000079 0.001573 0.001677 0.009087 0.000000 0.025285 31.942576
