0.000000 10.000000 0.099092 1.000000 1.000000 0.053929 0.000000 0.093030 20.627569
10.000000 9.900000 0.005457 0.109606 0.090613 0.023307 0.000000 0.063344 23.965929
20.000000 9.900000 0.003260 0.069722 0.055146 0.018094 0.000000 0.049800 26.055331
30.000000 9.900000 0.002160 0.048071 0.039241 0.015956 0.000000 0.042518 27.428449
40.000000 9.900000 0.001483 0.033932 0.029167 0.014880 0.000000 0.038815 28.220021
50.000000 9.900000 0.001041 0.024348 0.021627 0.014266 0.000000 0.036981 28.640356
60.000000 9.900000 0.000726 0.017599 0.016343 0.013918 0.000000 0.036076 28.855600
70.000000 9.900000 0.000515 0.012678 0.012342 0.013699 0.000000 0.035586 28.974349
80.000000 9.900000 0.000376 0.009240 0.009424 0.013550 0.000000 0.035297 29.045270
90.000000 9.900000 0.000286 0.006915 0.007293 0.013439 0.000000 0.035123 29.088175
100.000000 9.900000 0.000216 0.005164 0.005868 0.013368 0.000000 0.035026 29.112252
110.000000 9.900000 0.000166 0.003976 0.004833 0.013315 0.000000 0.034970 29.126005
120.000000 9.900000 0.000130 0.003132 0.004029 0.013278 0.000000 0.034938 29.133948
130.000000 9.900000 0.000104 0.002509 0.003439 0.013251 0.000000 0.034920 29.138414
140.000000 9.900000 0.000084 0.002025 0.003004 0.013231 0.000000 0.034913 29.140303
150.000000 9.900000 0.000068 0.001651 0.002659 0.013217 0.000000 0.034912 29.140594
160.000000 9.900000 0.000056 0.001376 0.002379 0.013206 0.000000 0.034913 29.140182
170.000000 9.900000 0.000047 0.001156 0.002155 0.013198 0.000000 0.034916 29.139494
180.000000 9.900000 0.000039 0.000993 0.001976 0.013193 0.000000 0.034919 29.138695
