0.000000 10.000000 0.095336 1.000000 1.000000 0.064547 0.000000 0.060425 24.375708
10.000000 9.900000 0.007306 0.121182 0.111562 0.027646 0.000000 0.022302 33.033030
20.000000 9.900000 0.003027 0.050163 0.044436 0.023721 0.000000 0.017960 34.913866
30.000000 9.900000 0.001437 0.025741 0.021749 0.022387 0.000000 0.016979 35.402001
40.000000 9.900000 0.000776 0.014378 0.012176 0.021877 0.000000 0.016736 35.526826
50.000000 9.900000 0.000449 0.008481 0.007714 0.021671 0.000000 0.016679 35.556693
60.000000 9.900000 0.000281 0.005398 0.005295 0.021572 0.000000 0.016647 35.573472
70.000000 9.900000 0.000185 0.003612 0.003882 0.021523 0.000000 0.016631 35.581441
80.000000 9.900000 0.000125 0.002506 0.002980 0.021495 0.000000 0.016628 35.583072
90.000000 9.900000 0.000089 0.001829 0.002363 0.021476 0.000000 0.016626 35.584282
100.000000 9.900000 0.000064 0.001341 0.001938 0.021465 0.000000 0.016624 35.585536
110.000000 9.900000 0.000048 0.001039 0.001623 0.021457 0.000000 0.016622 35.586343
120.000000 9.900000 0.000036 0.000805 0.001386 0.021452 0.000000 0.016621 35.586736
