0.000000 10.000000 0.108562 1.000000 1.000000 0.037163 0.000000 0.089371 20.976056
10.000000 9.900000 0.007398 0.143558 0.074705 0.020366 0.000000 0.068863 23.240251
20.000000 9.900000 0.004491 0.085611 0.042884 0.015947 0.000000 0.059332 24.534204
30.000000 9.900000 0.003078 0.059938 0.031330 0.014069 0.000000 0.054290 25.305590
40.000000 9.900000 0.002217 0.044191 0.024773 0.013071 0.000000 0.051618 25.743918
50.000000 9.900000 0.001636 0.033919 0.020231 0.012510 0.000000 0.050232 25.980466
60.000000 9.900000 0.001236 0.026700 0.016636 0.012180 0.000000 0.049511 26.106031
70.000000 9.900000 0.000953 0.021226 0.013677 0.011966 0.000000 0.049115 26.175646
80.000000 9.900000 0.000744 0.016839 0.011242 0.011820 0.000000 0.048907 26.212610
90.000000 9.900000 0.000584 0.013485 0.009231 0.011717 0.000000 0.048796 26.232299
100.000000 9.900000 0.000466 0.010717 0.007580 0.011637 0.000000 0.048736 26.243016
110.000000 9.900000 0.000375 0.008586 0.006249 0.011577 0.000000 0.048702 26.248993
120.000000 9.900000 0.000305 0.006982 0.005199 0.011532 0.000000 0.048681 26.252759
130.000000 9.900000 0.000249 0.005650 0.004361 0.011497 0.000000 0.048666 26.255548
140.000000 9.900000 0.000204 0.004602 0.003705 0.011471 0.000000 0.048654 26.257686
150.000000 9.900000 0.000168 0.003809 0.003165 0.011451 0.000000 0.048643 26.259678
160.000000 9.900000 0.000141 0.003228 0.002719 0.011435 0.000000 0.048632 26.261602
170.000000 9.900000 0.000118 0.002726 0.002359 0.011423 0.000000 0.048621 26.263441
180.000000 9.900000 0.000100 0.002275 0.002066 0.011413 0.000000 0.048613 26.265025
190.000000 9.900000 0.000085 0.001957 0.001821 0.011405 0.000000 0.048605 26.266340
