0.000000 10.000000 0.094809 1.000000 1.000000 0.051560 0.000000 0.081182 21.810788
10.000000 9.900000 0.008065 0.127662 0.097486 0.022815 0.000000 0.051791 25.714873
20.000000 9.900000 0.004541 0.078486 0.059787 0.018457 0.000000 0.041813 27.573851
30.000000 9.900000 0.002903 0.051579 0.038945 0.016586 0.000000 0.037289 28.568457
40.000000 9.900000 0.001945 0.034361 0.026705 0.015575 0.000000 0.035103 29.093010
50.000000 9.900000 0.001357 0.024366 0.018874 0.015003 0.000000 0.034011 29.367568
60.000000 9.900000 0.000962 0.017657 0.013838 0.014649 0.000000 0.033494 29.500642
70.000000 9.900000 0.000716 0.013089 0.010178 0.014394 0.000000 0.033239 29.566936
80.000000 9.900000 0.000540 0.009867 0.007744 0.014240 0.000000 0.033111 29.600545
90.000000 9.900000 0.000410 0.007546 0.006083 0.014139 0.000000 0.033038 29.619598
100.000000 9.900000 0.000320 0.005880 0.004850 0.014066 0.000000 0.032995 29.631045
110.000000 9.900000 0.000255 0.004671 0.003926 0.014012 0.000000 0.032972 29.637140
120.000000 9.900000 0.000205 0.003754 0.003248 0.013975 0.000000 0.032963 29.639512
130.000000 9.900000 0.000166 0.003058 0.002736 0.013948 0.000000 0.032962 29.639826
140.000000 9.900000 0.000136 0.002508 0.002338 0.013927 0.000000 0.032964 29.639269
150.000000 9.900000 0.000113 0.002077 0.002017 0.013912 0.000000 0.032966 29.638709
160.000000 9.900000 0.000095 0.001746 0.001759 0.013900 0.000000 0.032968 29.638142
170.000000 9.900000 0.000080 0.001471 0.001548 0.013890 0.000000 0.032969 29.637938
180.000000 9.900000 0.000067 0.001237 0.001381 0.013883 0.000000 0.032968 29.638061
190.000000 9.900000 0.000057 0.001068 0.001236 0.013876 0.000000 0.032968 29.638172
