0.000000 10.000000 0.098607 1.000000 1.000000 0.044647 0.000000 0.101179 19.898221
10.000000 9.900000 0.007925 0.108596 0.085724 0.022647 0.000000 0.085037 21.407861
20.000000 9.900000 0.004923 0.066392 0.051745 0.018455 0.000000 0.079156 22.030354
30.000000 9.900000 0.003451 0.046650 0.038235 0.016625 0.000000 0.076100 22.372363
40.000000 9.900000 0.002612 0.035127 0.029313 0.015547 0.000000 0.074311 22.578903
50.000000 9.900000 0.002045 0.027414 0.022800 0.014855 0.000000 0.073224 22.706914
60.000000 9.900000 0.001629 0.021758 0.018029 0.014387 0.000000 0.072584 22.783139
70.000000 9.900000 0.001304 0.017352 0.014612 0.014073 0.000000 0.072252 22.822963
80.000000 9.900000 0.001070 0.014063 0.011853 0.013825 0.000000 0.072103 22.840992
90.000000 9.900000 0.000881 0.011496 0.009804 0.013647 0.000000 0.072058 22.846329
100.000000 9.900000 0.000723 0.009555 0.008275 0.013525 0.000000 0.072074 22.844371
110.000000 9.900000 0.000605 0.007968 0.006966 0.013423 0.000000 0.072117 22.839189
120.000000 9.900000 0.000514 0.006642 0.005876 0.013339 0.000000 0.072179 22.831787
130.000000 9.900000 0.000436 0.005598 0.005028 0.013276 0.000000 0.072248 22.823478
140.000000 9.900000 0.000370 0.004758 0.004351 0.013227 0.000000 0.072320 22.814878
150.000000 9.900000 0.000317 0.004091 0.003766 0.013188 0.000000 0.072393 22.806040
160.000000 9.900000 0.000274 0.003504 0.003276 0.013156 0.000000 0.072464 22.797601
170.000000 9.900000 0.000237 0.003013 0.002873 0.013129 0.000000 0.072528 22.789929
180.000000 9.900000 0.000206 0.002633 0.002532 0.013107 0.000000 0.072587 22.782869
190.000000 9.900000 0.000179 0.002286 0.002247 0.013090 0.000000 0.072641 22.776318
