0.000000 10.000000 0.128835 1.000000 1.000000 0.039279 0.000000 0.095240 20.423593
10.000000 9.900000 0.006157 0.124698 0.067957 0.020887 0.000000 0.061526 24.218837
20.000000 9.900000 0.003448 0.072211 0.038273 0.016440 0.000000 0.048171 26.344304
30.000000 9.900000 0.002113 0.048601 0.027763 0.014654 0.000000 0.042005 27.534083
40.000000 9.900000 0.001314 0.034297 0.021440 0.013869 0.000000 0.039315 28.108909
50.000000 9.900000 0.000828 0.024440 0.016715 0.013504 0.000000 0.038171 28.365329
60.000000 9.900000 0.000537 0.017544 0.012950 0.013306 0.000000 0.037667 28.480666
70.000000 9.900000 0.000360 0.012818 0.010063 0.013191 0.000000 0.037431 28.535256
80.000000 9.900000 0.000248 0.009464 0.007873 0.013117 0.000000 0.037308 28.563914
90.000000 9.900000 0.000174 0.007063 0.006244 0.013068 0.000000 0.037236 28.580759
100.000000 9.900000 0.000125 0.005351 0.005040 0.013034 0.000000 0.037189 28.591820
110.000000 9.900000 0.000092 0.004193 0.004128 0.013010 0.000000 0.037157 28.599150
120.000000 9.900000 0.000069 0.003301 0.003433 0.012994 0.000000 0.037136 28.604032
130.000000 9.900000 0.000054 0.002671 0.002890 0.012981 0.000000 0.037123 28.607236
140.000000 9.900000 0.000042 0.002272 0.002468 0.012972 0.000000 0.037114 28.609271
150.000000 9.900000 0.000034 0.001842 0.002135 0.012965 0.000000 0.037108 28.610630
160.000000 9.900000 0.000028 0.001567 0.001866 0.012960 0.000000 0.037104 28.611593
170.000000 9.900000 0.000023 0.001317 0.001648 0.012956 0.000000 0.037101 28.612243
180.000000 9.900000 0.000019 0.001141 0.001470 0.012953 0.000000 0.037100 28.612626
190.000000 9.900000 0.000017 0.001020 0.001318 0.012950 0.000000 0.037098 28.612894
