0.000000 10.000000 0.106846 1.000000 1.000000 0.034794 0.000000 0.095850 20.368164
10.000000 9.900000 0.005479 0.101485 0.061985 0.022083 0.000000 0.075546 22.435798
20.000000 9.900000 0.003124 0.050372 0.032941 0.018949 0.000000 0.068573 23.276999
30.000000 9.900000 0.002022 0.031751 0.023118 0.017693 0.000000 0.065526 23.671744
40.000000 9.900000 0.001384 0.022023 0.017682 0.017114 0.000000 0.064080 23.865508
50.000000 9.900000 0.000977 0.016188 0.013933 0.016826 0.000000 0.063359 23.963805
60.000000 9.900000 0.000706 0.012069 0.011111 0.016667 0.000000 0.062993 24.014142
70.000000 9.900000 0.000520 0.009073 0.008903 0.016567 0.000000 0.062803 24.040340
80.000000 9.900000 0.000391 0.006961 0.007151 0.016497 0.000000 0.062704 24.054158
90.000000 9.900000 0.000299 0.005359 0.005784 0.016447 0.000000 0.062653 24.061175
100.000000 9.900000 0.000232 0.004147 0.004735 0.016412 0.000000 0.062628 24.064561
110.000000 9.900000 0.000182 0.003308 0.003913 0.016387 0.000000 0.062618 24.065997
120.000000 9.900000 0.000144 0.002641 0.003268 0.016368 0.000000 0.062616 24.066363
130.000000 9.900000 0.000115 0.002116 0.002763 0.016355 0.000000 0.062618 24.066082
140.000000 9.900000 0.000093 0.001772 0.002354 0.016344 0.000000 0.062621 24.065557
150.000000 9.900000 0.000076 0.001451 0.002026 0.016337 0.000000 0.062625 24.065019
160.000000 9.900000 0.000063 0.001223 0.001758 0.016331 0.000000 0.062629 24.064530
170.000000 9.900000 0.000052 0.001010 0.001540 0.016326 0.000000 0.062632 24.064091
180.000000 9.900000 0.000043 0.000880 0.001358 0.016322 0.000000 0.062635 24.063692
