0.000000 10.000000 0.098763 1.000000 1.000000 0.050679 0.000000 0.052226 25.642326
10.000000 9.900000 0.007747 0.126994 0.132320 0.020195 0.000000 0.019694 34.113205
20.000000 9.900000 0.003778 0.061914 0.051915 0.016032 0.000000 0.014695 36.656479
30.000000 9.900000 0.001727 0.033891 0.026535 0.014729 0.000000 0.013800 37.202414
40.000000 9.900000 0.000993 0.019846 0.014826 0.014075 0.000000 0.013418 37.446238
50.000000 9.900000 0.000574 0.012087 0.009603 0.013820 0.000000 0.013326 37.505876
60.000000 9.900000 0.000368 0.007918 0.006695 0.013685 0.000000 0.013280 37.536280
70.000000 9.900000 0.000240 0.005397 0.004998 0.013617 0.000000 0.013264 37.546420
80.000000 9.900000 0.000167 0.003883 0.003897 0.013576 0.000000 0.013255 37.552426
90.000000 9.900000 0.000118 0.002885 0.003153 0.013551 0.000000 0.013251 37.554704
100.000000 9.900000 0.000088 0.002245 0.002606 0.013533 0.000000 0.013249 37.556602
110.000000 9.900000 0.000066 0.001702 0.002202 0.013521 0.000000 0.013247 37.557885
120.000000 9.900000 0.000052 0.001391 0.001894 0.013512 0.000000 0.013246 37.558358
130.000000 9.900000 0.000041 0.001107 0.001653 0.013505 0.000000 0.013245 37.558697
140.000000 9.900000 0.000033 0.000954 0.001456 0.013500 0.000000 0.013245 37.559251
