0.000000 10.000000 0.113067 1.000000 1.000000 0.073339 0.000000 0.089639 20.950077
10.000000 9.900000 0.009098 0.126959 0.097284 0.029388 0.000000 0.041693 27.598673
20.000000 9.900000 0.004364 0.067246 0.057172 0.023359 0.000000 0.028109 31.023234
30.000000 9.900000 0.002125 0.033993 0.033570 0.021433 0.000000 0.024941 32.061794
40.000000 9.900000 0.001131 0.018442 0.019613 0.020612 0.000000 0.024147 32.342683
50.000000 9.900000 0.000660 0.011176 0.012130 0.020240 0.000000 0.023935 32.419377
60.000000 9.900000 0.000396 0.006971 0.008100 0.020068 0.000000 0.023892 32.434907
70.000000 9.900000 0.000250 0.004530 0.005858 0.019983 0.000000 0.023880 32.439372
80.000000 9.900000 0.000162 0.003106 0.004514 0.019936 0.000000 0.023874 32.441518
90.000000 9.900000 0.000112 0.002227 0.003616 0.019907 0.000000 0.023872 32.442318
100.000000 9.900000 0.000079 0.001648 0.003010 0.019890 0.000000 0.023872 32.442161
110.000000 9.900000 0.000058 0.001253 0.002570 0.019878 0.000000 0.023872 32.442088
120.000000 9.900000 0.000045 0.001032 0.002233 0.019869 0.000000 0.023873 32.442004
130.000000 9.900000 0.000035 0.000845 0.001970 0.019863 0.000000 0.023873 32.441933
