0.000000 10.000000 0.103477 1.000000 1.000000 0.028878 0.000000 0.080120 21.925213
10.000000 9.900000 0.004625 0.119728 0.062421 0.017606 0.000000 0.057863 24.751920
20.000000 9.900000 0.002649 0.063510 0.035218 0.014659 0.000000 0.049282 26.146303
30.000000 9.900000 0.001710 0.042960 0.025197 0.013409 0.000000 0.045351 26.868355
40.000000 9.900000 0.001153 0.030612 0.019396 0.012802 0.000000 0.043533 27.223622
50.000000 9.900000 0.000801 0.022939 0.015358 0.012492 0.000000 0.042719 27.387479
60.000000 9.900000 0.000570 0.017398 0.012281 0.012321 0.000000 0.042362 27.460424
70.000000 9.900000 0.000412 0.013359 0.009855 0.012217 0.000000 0.042203 27.493202
80.000000 9.900000 0.000301 0.010002 0.007951 0.012150 0.000000 0.042124 27.509422
90.000000 9.900000 0.000223 0.007725 0.006462 0.012104 0.000000 0.042080 27.518551
100.000000 9.900000 0.000168 0.006146 0.005299 0.012070 0.000000 0.042051 27.524461
110.000000 9.900000 0.000129 0.004916 0.004389 0.012045 0.000000 0.042031 27.528606
120.000000 9.900000 0.000099 0.003845 0.003673 0.012027 0.000000 0.042014 27.532062
130.000000 9.900000 0.000077 0.003138 0.003101 0.012013 0.000000 0.042000 27.534928
140.000000 9.900000 0.000061 0.002613 0.002645 0.012002 0.000000 0.041988 27.537402
150.000000 9.900000 0.000049 0.002158 0.002272 0.011994 0.000000 0.041979 27.539433
160.000000 9.900000 0.000040 0.001813 0.001967 0.011987 0.000000 0.041971 27.541058
170.000000 9.900000 0.000033 0.001533 0.001718 0.011982 0.000000 0.041964 27.542433
180.000000 9.900000 0.000028 0.001318 0.001512 0.011978 0.000000 0.041959 27.543560
190.000000 9.900000 0.000023 0.001104 0.001340 0.011975 0.000000 0.041954 27.544494
