0.000000 10.000000 0.103975 1.000000 1.000000 0.047378 0.000000 0.073341 22.693054
10.000000 9.900000 0.006534 0.128005 0.083845 0.022335 0.000000 0.042100 27.514388
20.000000 9.900000 0.003107 0.071216 0.048008 0.018873 0.000000 0.034048 29.358118
30.000000 9.900000 0.001645 0.040178 0.029645 0.017642 0.000000 0.031560 30.017367
40.000000 9.900000 0.000940 0.023529 0.018740 0.017066 0.000000 0.030623 30.279158
50.000000 9.900000 0.000570 0.014420 0.012211 0.016770 0.000000 0.030257 30.383452
60.000000 9.900000 0.000357 0.009259 0.008353 0.016622 0.000000 0.030115 30.424226
70.000000 9.900000 0.000234 0.006110 0.006019 0.016541 0.000000 0.030059 30.440549
80.000000 9.900000 0.000158 0.004265 0.004563 0.016497 0.000000 0.030038 30.446590
90.000000 9.900000 0.000110 0.002986 0.003615 0.016469 0.000000 0.030029 30.449040
100.000000 9.900000 0.000079 0.002272 0.002964 0.016453 0.000000 0.030025 30.450344
110.000000 9.900000 0.000059 0.001712 0.002501 0.016442 0.000000 0.030022 30.451317
120.000000 9.900000 0.000045 0.001379 0.002152 0.016434 0.000000 0.030019 30.451954
130.000000 9.900000 0.000035 0.001147 0.001881 0.016429 0.000000 0.030018 30.452338
140.000000 9.900000 0.000029 0.000956 0.001666 0.016424 0.000000 0.030017 30.452564
