0.000000 10.000000 0.103416 1.000000 1.000000 0.029623 0.000000 0.090535 20.863686
10.000000 9.900000 0.003631 0.112479 0.063321 0.017316 0.000000 0.065420 23.685784
20.000000 9.900000 0.002151 0.062038 0.036043 0.014061 0.000000 0.055172 25.165555
30.000000 9.900000 0.001427 0.041533 0.026386 0.012576 0.000000 0.049942 26.030596
40.000000 9.900000 0.000970 0.030041 0.020946 0.011847 0.000000 0.047316 26.499762
50.000000 9.900000 0.000673 0.022392 0.016916 0.011455 0.000000 0.045988 26.747023
60.000000 9.900000 0.000475 0.017000 0.013729 0.011236 0.000000 0.045316 26.875033
70.000000 9.900000 0.000340 0.012704 0.011210 0.011110 0.000000 0.044974 26.940700
80.000000 9.900000 0.000246 0.009945 0.009195 0.011031 0.000000 0.044800 26.974352
90.000000 9.900000 0.000180 0.007647 0.007609 0.010978 0.000000 0.044711 26.991765
100.000000 9.900000 0.000133 0.006062 0.006354 0.010943 0.000000 0.044662 27.001312
110.000000 9.900000 0.000100 0.004782 0.005376 0.010918 0.000000 0.044632 27.007110
120.000000 9.900000 0.000076 0.003931 0.004610 0.010900 0.000000 0.044613 27.010714
130.000000 9.900000 0.000059 0.003321 0.004004 0.010886 0.000000 0.044602 27.012964
140.000000 9.900000 0.000046 0.002728 0.003520 0.010876 0.000000 0.044594 27.014377
150.000000 9.900000 0.000037 0.002355 0.003127 0.010867 0.000000 0.044590 27.015347
160.000000 9.900000 0.000030 0.002084 0.002803 0.010861 0.000000 0.044586 27.016007
170.000000 9.900000 0.000025 0.001823 0.002533 0.010856 0.000000 0.044584 27.016489
180.000000 9.900000 0.000021 0.001629 0.002310 0.010852 0.000000 0.044582 27.016867
190.000000 9.900000 0.000018 0.001469 0.002118 0.010848 0.000000 0.044580 27.017183
