0.000000 10.000000 0.097005 1.000000 1.000000 0.062830 0.000000 0.086411 21.268644
10.000000 9.900000 0.011222 0.150238 0.102975 0.025266 0.000000 0.049440 26.118433
20.000000 9.900000 0.006143 0.089001 0.067906 0.019787 0.000000 0.038488 28.293522
30.000000 9.900000 0.003813 0.057493 0.046204 0.017704 0.000000 0.034749 29.181185
40.000000 9.900000 0.002632 0.038526 0.030837 0.016465 0.000000 0.032903 29.655221
50.000000 9.900000 0.001853 0.027294 0.021836 0.015760 0.000000 0.032061 29.880456
60.000000 9.900000 0.001309 0.019842 0.016136 0.015345 0.000000 0.031696 29.979938
70.000000 9.900000 0.001000 0.014632 0.011734 0.015024 0.000000 0.031447 30.048440
80.000000 9.900000 0.000762 0.011273 0.008921 0.014827 0.000000 0.031304 30.087898
90.000000 9.900000 0.000575 0.008748 0.007059 0.014702 0.000000 0.031230 30.108539
100.000000 9.900000 0.000449 0.006800 0.005593 0.014608 0.000000 0.031180 30.122462
110.000000 9.900000 0.000358 0.005397 0.004498 0.014539 0.000000 0.031145 30.132277
120.000000 9.900000 0.000286 0.004347 0.003710 0.014492 0.000000 0.031123 30.138310
130.000000 9.900000 0.000233 0.003576 0.003096 0.014456 0.000000 0.031111 30.141688
140.000000 9.900000 0.000189 0.002928 0.002634 0.014432 0.000000 0.031105 30.143289
150.000000 9.900000 0.000154 0.002391 0.002274 0.014413 0.000000 0.031104 30.143800
160.000000 9.900000 0.000129 0.001999 0.001970 0.014398 0.000000 0.031104 30.143811
170.000000 9.900000 0.000110 0.001689 0.001730 0.014387 0.000000 0.031104 30.143674
180.000000 9.900000 0.000092 0.001440 0.001540 0.014378 0.000000 0.031104 30.143667
190.000000 9.900000 0.000078 0.001224 0.001382 0.014371 0.000000 0.031103 30.143844
