0.000000 10.000000 0.103537 1.000000 1.000000 0.042327 0.000000 0.087114 21.198268
10.000000 9.900000 0.004598 0.112676 0.077627 0.020830 0.000000 0.060382 24.381863
20.000000 9.900000 0.002649 0.068902 0.046029 0.016627 0.000000 0.049344 26.135321
30.000000 9.900000 0.001681 0.045902 0.032706 0.014940 0.000000 0.044032 27.124727
40.000000 9.900000 0.001082 0.031222 0.024646 0.014173 0.000000 0.041656 27.606485
50.000000 9.900000 0.000706 0.021818 0.018764 0.013788 0.000000 0.040590 27.831649
60.000000 9.900000 0.000470 0.015429 0.014339 0.013569 0.000000 0.040067 27.944340
70.000000 9.900000 0.000326 0.010931 0.011001 0.013433 0.000000 0.039788 28.004914
80.000000 9.900000 0.000232 0.008032 0.008490 0.013341 0.000000 0.039637 28.038092
90.000000 9.900000 0.000166 0.006002 0.006699 0.013279 0.000000 0.039555 28.055974
100.000000 9.900000 0.000122 0.004463 0.005403 0.013236 0.000000 0.039513 28.065284
110.000000 9.900000 0.000092 0.003526 0.004457 0.013206 0.000000 0.039492 28.069844
120.000000 9.900000 0.000071 0.002808 0.003766 0.013185 0.000000 0.039480 28.072397
130.000000 9.900000 0.000055 0.002305 0.003252 0.013170 0.000000 0.039475 28.073624
140.000000 9.900000 0.000044 0.001896 0.002849 0.013159 0.000000 0.039473 28.074077
150.000000 9.900000 0.000036 0.001672 0.002530 0.013150 0.000000 0.039471 28.074337
160.000000 9.900000 0.000030 0.001457 0.002273 0.013143 0.000000 0.039470 28.074558
170.000000 9.900000 0.000025 0.001205 0.002063 0.013137 0.000000 0.039470 28.074738
180.000000 9.900000 0.000022 0.001134 0.001879 0.013132 0.000000 0.039469 28.074890
190.000000 9.900000 0.000019 0.001017 0.001725 0.013127 0.000000 0.039468 28.075016
