0.000000 10.000000 0.105713 1.000000 1.000000 0.044559 0.000000 0.064266 23.840403
10.000000 9.900000 0.008494 0.132787 0.100718 0.018463 0.000000 0.032736 29.699579
20.000000 9.900000 0.004128 0.077020 0.065467 0.015173 0.000000 0.025988 31.704378
30.000000 9.900000 0.002521 0.047636 0.038521 0.013568 0.000000 0.023143 32.711773
40.000000 9.900000 0.001496 0.029228 0.023232 0.012782 0.000000 0.022073 33.122820
50.000000 9.900000 0.000953 0.018567 0.014905 0.012338 0.000000 0.021635 33.296835
60.000000 9.900000 0.000638 0.012359 0.010315 0.012095 0.000000 0.021422 33.382901
70.000000 9.900000 0.000430 0.008598 0.007668 0.011968 0.000000 0.021324 33.422590
80.000000 9.900000 0.000306 0.006192 0.005911 0.011889 0.000000 0.021275 33.442664
90.000000 9.900000 0.000219 0.004552 0.004738 0.011841 0.000000 0.021247 33.454125
100.000000 9.900000 0.000162 0.003451 0.003916 0.011809 0.000000 0.021228 33.461768
110.000000 9.900000 0.000122 0.002699 0.003320 0.011787 0.000000 0.021216 33.466525
120.000000 9.900000 0.000094 0.002182 0.002865 0.011772 0.000000 0.021210 33.469075
130.000000 9.900000 0.000074 0.001800 0.002508 0.011760 0.000000 0.021207 33.470265
140.000000 9.900000 0.000058 0.001417 0.002229 0.011752 0.000000 0.021207 33.470502
150.000000 9.900000 0.000048 0.001230 0.002000 0.011745 0.000000 0.021207 33.470377
160.000000 9.900000 0.000040 0.001037 0.001809 0.011739 0.000000 0.021207 33.470280
170.000000 9.900000 0.000034 0.000967 0.001645 0.011734 0.000000 0.021208 33.470129
