0.000000 10.000000 0.112143 1.000000 1.000000 0.043161 0.000000 0.052404 25.612644
10.000000 9.900000 0.006161 0.131702 0.098326 0.017453 0.000000 0.020910 33.592877
20.000000 9.900000 0.002321 0.062481 0.048720 0.015078 0.000000 0.017453 35.162610
30.000000 9.900000 0.001100 0.031828 0.024154 0.014107 0.000000 0.016530 35.634653
40.000000 9.900000 0.000559 0.017306 0.014015 0.013733 0.000000 0.016345 35.732235
50.000000 9.900000 0.000318 0.010313 0.009339 0.013572 0.000000 0.016286 35.763603
60.000000 9.900000 0.000194 0.006629 0.006847 0.013493 0.000000 0.016263 35.776155
70.000000 9.900000 0.000129 0.004650 0.005320 0.013450 0.000000 0.016253 35.781457
80.000000 9.900000 0.000090 0.003397 0.004309 0.013423 0.000000 0.016248 35.784085
90.000000 9.900000 0.000068 0.002594 0.003594 0.013406 0.000000 0.016244 35.785915
100.000000 9.900000 0.000053 0.002044 0.003064 0.013394 0.000000 0.016242 35.787323
110.000000 9.900000 0.000043 0.001702 0.002657 0.013385 0.000000 0.016240 35.788440
120.000000 9.900000 0.000035 0.001397 0.002341 0.013378 0.000000 0.016238 35.789247
130.000000 9.900000 0.000030 0.001171 0.002085 0.013373 0.000000 0.016237 35.789936
140.000000 9.900000 0.000025 0.001024 0.001870 0.013369 0.000000 0.016236 35.790505
150.000000 9.900000 0.000022 0.000878 0.001693 0.013365 0.000000 0.016235 35.790884
