0.000000 10.000000 0.103309 1.000000 1.000000 0.072830 0.000000 0.072223 22.826453
10.000000 9.900000 0.007387 0.087928 0.087919 0.036647 0.000000 0.038598 28.268683
20.000000 9.900000 0.002852 0.036165 0.038540 0.033327 0.000000 0.034342 29.283516
30.000000 9.900000 0.001243 0.016432 0.018726 0.032369 0.000000 0.033557 29.484291
40.000000 9.900000 0.000631 0.008303 0.010474 0.032011 0.000000 0.033386 29.528771
50.000000 9.900000 0.000343 0.004679 0.006710 0.031869 0.000000 0.033360 29.535486
60.000000 9.900000 0.000208 0.002884 0.004671 0.031797 0.000000 0.033363 29.534751
70.000000 9.900000 0.000129 0.001862 0.003499 0.031760 0.000000 0.033371 29.532557
80.000000 9.900000 0.000087 0.001315 0.002752 0.031737 0.000000 0.033376 29.531206
90.000000 9.900000 0.000062 0.000959 0.002233 0.031722 0.000000 0.033379 29.530594
