0.000000 10.000000 0.103747 1.000000 1.000000 0.042873 0.000000 0.080916 21.839349
10.000000 9.900000 0.004307 0.115521 0.069298 0.020287 0.000000 0.042475 27.437378
20.000000 9.900000 0.001834 0.056312 0.041514 0.016804 0.000000 0.034023 29.364575
30.000000 9.900000 0.000815 0.031199 0.027676 0.015935 0.000000 0.032255 29.827993
40.000000 9.900000 0.000395 0.018177 0.018330 0.015647 0.000000 0.031804 29.950305
50.000000 9.900000 0.000215 0.010844 0.012388 0.015510 0.000000 0.031645 29.993864
60.000000 9.900000 0.000127 0.006815 0.008846 0.015438 0.000000 0.031584 30.010547
70.000000 9.900000 0.000080 0.004778 0.006745 0.015400 0.000000 0.031557 30.018201
80.000000 9.900000 0.000054 0.003609 0.005429 0.015376 0.000000 0.031542 30.022288
90.000000 9.900000 0.000039 0.002865 0.004550 0.015360 0.000000 0.031534 30.024487
100.000000 9.900000 0.000030 0.002420 0.003922 0.015349 0.000000 0.031530 30.025629
110.000000 9.900000 0.000024 0.002011 0.003441 0.015340 0.000000 0.031528 30.026177
120.000000 9.900000 0.000020 0.001762 0.003064 0.015333 0.000000 0.031527 30.026352
130.000000 9.900000 0.000018 0.001577 0.002752 0.015327 0.000000 0.031527 30.026368
140.000000 9.900000 0.000016 0.001449 0.002487 0.015322 0.000000 0.031527 30.026342
150.000000 9.900000 0.000014 0.001262 0.002265 0.015318 0.000000 0.031527 30.026314
160.000000 9.900000 0.000012 0.001135 0.002074 0.015314 0.000000 0.031527 30.026296
170.000000 9.900000 0.000011 0.001039 0.001908 0.015311 0.000000 0.031527 30.026280
180.000000 9.900000 0.000010 0.000953 0.001760 0.015308 0.000000 0.031527 30.026264
