0.000000 10.000000 0.105271 1.000000 1.000000 0.040521 0.000000 0.093863 20.550151
10.000000 9.900000 0.004676 0.119181 0.084976 0.018705 0.000000 0.075363 22.456855
20.000000 9.900000 0.002902 0.074637 0.049254 0.014709 0.000000 0.066526 23.540144
30.000000 9.900000 0.002057 0.053792 0.035608 0.012889 0.000000 0.060946 24.301105
40.000000 9.900000 0.001546 0.040886 0.027622 0.011871 0.000000 0.057372 24.826021
50.000000 9.900000 0.001188 0.031968 0.022372 0.011273 0.000000 0.055082 25.179800
60.000000 9.900000 0.000928 0.025459 0.018372 0.010895 0.000000 0.053616 25.414141
70.000000 9.900000 0.000735 0.020452 0.015205 0.010645 0.000000 0.052669 25.568968
80.000000 9.900000 0.000589 0.016345 0.012656 0.010455 0.000000 0.052060 25.669867
90.000000 9.900000 0.000474 0.013311 0.010621 0.010327 0.000000 0.051673 25.734716
100.000000 9.900000 0.000384 0.010867 0.008955 0.010233 0.000000 0.051421 25.777165
110.000000 9.900000 0.000314 0.009055 0.007600 0.010161 0.000000 0.051254 25.805525
120.000000 9.900000 0.000260 0.007476 0.006482 0.010104 0.000000 0.051143 25.824351
130.000000 9.900000 0.000216 0.006244 0.005557 0.010058 0.000000 0.051067 25.837268
140.000000 9.900000 0.000181 0.005260 0.004785 0.010023 0.000000 0.051017 25.845764
150.000000 9.900000 0.000152 0.004441 0.004156 0.009993 0.000000 0.050984 25.851382
160.000000 9.900000 0.000129 0.003745 0.003618 0.009969 0.000000 0.050962 25.855069
170.000000 9.900000 0.000110 0.003239 0.003163 0.009950 0.000000 0.050949 25.857273
180.000000 9.900000 0.000094 0.002714 0.002790 0.009936 0.000000 0.050942 25.858402
190.000000 9.900000 0.000080 0.002334 0.002491 0.009925 0.000000 0.050939 25.858910
