0.000000 10.000000 0.099867 1.000000 1.000000 0.054055 0.000000 0.074796 22.522449
10.000000 9.900000 0.007587 0.129741 0.094515 0.023906 0.000000 0.040371 27.878659
20.000000 9.900000 0.003719 0.071360 0.053834 0.020009 0.000000 0.031358 30.073126
30.000000 9.900000 0.002002 0.039468 0.031969 0.018494 0.000000 0.028628 30.864237
40.000000 9.900000 0.001167 0.023631 0.019475 0.017801 0.000000 0.027658 31.163506
50.000000 9.900000 0.000719 0.014506 0.012511 0.017440 0.000000 0.027282 31.282370
60.000000 9.900000 0.000465 0.009398 0.008571 0.017249 0.000000 0.027135 31.329424
70.000000 9.900000 0.000310 0.006320 0.006223 0.017146 0.000000 0.027081 31.346597
80.000000 9.900000 0.000215 0.004426 0.004727 0.017085 0.000000 0.027062 31.352745
90.000000 9.900000 0.000152 0.003208 0.003743 0.017047 0.000000 0.027060 31.353440
100.000000 9.900000 0.000111 0.002366 0.003051 0.017021 0.000000 0.027064 31.352200
110.000000 9.900000 0.000082 0.001807 0.002561 0.017004 0.000000 0.027069 31.350682
120.000000 9.900000 0.000062 0.001410 0.002196 0.016993 0.000000 0.027072 31.349533
130.000000 9.900000 0.000048 0.001147 0.001917 0.016984 0.000000 0.027074 31.348852
140.000000 9.900000 0.000039 0.000957 0.001693 0.016977 0.000000 0.027075 31.348503
