0.000000 10.000000 0.097893 1.000000 1.000000 0.077285 0.000000 0.064446 23.816078
10.000000 9.900000 0.009738 0.134753 0.134992 0.028980 0.000000 0.021116 33.507657
20.000000 9.900000 0.004412 0.055069 0.052564 0.023423 0.000000 0.015814 36.019031
30.000000 9.900000 0.002108 0.029635 0.026265 0.021674 0.000000 0.014522 36.759365
40.000000 9.900000 0.001117 0.016940 0.014898 0.020985 0.000000 0.014146 36.987062
50.000000 9.900000 0.000662 0.010246 0.009256 0.020676 0.000000 0.014026 37.061593
60.000000 9.900000 0.000402 0.006526 0.006381 0.020544 0.000000 0.013985 37.086866
70.000000 9.900000 0.000264 0.004400 0.004653 0.020475 0.000000 0.013969 37.096415
80.000000 9.900000 0.000179 0.003070 0.003595 0.020438 0.000000 0.013962 37.101098
90.000000 9.900000 0.000126 0.002224 0.002879 0.020414 0.000000 0.013956 37.104955
100.000000 9.900000 0.000092 0.001718 0.002370 0.020399 0.000000 0.013953 37.106922
110.000000 9.900000 0.000068 0.001324 0.002001 0.020389 0.000000 0.013953 37.106837
120.000000 9.900000 0.000053 0.001028 0.001714 0.020381 0.000000 0.013952 37.107039
130.000000 9.900000 0.000042 0.000849 0.001491 0.020375 0.000000 0.013952 37.107361
