0.000000 10.000000 0.107493 1.000000 1.000000 0.035942 0.000000 0.097475 20.222106
10.000000 9.900000 0.006234 0.110316 0.073959 0.020949 0.000000 0.084168 21.497104
20.000000 9.900000 0.003787 0.061463 0.040246 0.017470 0.000000 0.079352 22.008836
30.000000 9.900000 0.002628 0.042075 0.028252 0.015949 0.000000 0.076891 22.282488
40.000000 9.900000 0.001942 0.030815 0.021729 0.015116 0.000000 0.075504 22.440549
50.000000 9.900000 0.001487 0.023321 0.017493 0.014635 0.000000 0.074709 22.532529
60.000000 9.900000 0.001166 0.018332 0.014265 0.014328 0.000000 0.074224 22.589139
70.000000 9.900000 0.000933 0.014441 0.011622 0.014113 0.000000 0.073954 22.620753
80.000000 9.900000 0.000753 0.011639 0.009564 0.013967 0.000000 0.073830 22.635368
90.000000 9.900000 0.000615 0.009455 0.007939 0.013860 0.000000 0.073782 22.641020
100.000000 9.900000 0.000509 0.007632 0.006626 0.013780 0.000000 0.073784 22.640754
110.000000 9.900000 0.000424 0.006360 0.005581 0.013722 0.000000 0.073813 22.637315
120.000000 9.900000 0.000354 0.005297 0.004738 0.013677 0.000000 0.073855 22.632421
130.000000 9.900000 0.000299 0.004395 0.004054 0.013643 0.000000 0.073901 22.626995
140.000000 9.900000 0.000254 0.003671 0.003505 0.013616 0.000000 0.073947 22.621565
150.000000 9.900000 0.000217 0.003117 0.003054 0.013595 0.000000 0.073993 22.616177
160.000000 9.900000 0.000186 0.002670 0.002680 0.013578 0.000000 0.074040 22.610701
170.000000 9.900000 0.000160 0.002329 0.002367 0.013565 0.000000 0.074087 22.605198
180.000000 9.900000 0.000138 0.001965 0.002097 0.013555 0.000000 0.074132 22.599886
190.000000 9.900000 0.000120 0.001699 0.001872 0.013547 0.000000 0.074176 22.594769
