0.000000 10.000000 0.103571 1.000000 1.000000 0.039505 0.000000 0.084138 21.500122
10.000000 9.900000 0.004230 0.113620 0.066978 0.019723 0.000000 0.048908 26.212348
20.000000 9.900000 0.002063 0.059524 0.040299 0.016023 0.000000 0.038964 28.186692
30.000000 9.900000 0.001047 0.035695 0.028512 0.014913 0.000000 0.036201 28.825598
40.000000 9.900000 0.000547 0.022311 0.020140 0.014527 0.000000 0.035463 29.004587
50.000000 9.900000 0.000304 0.014127 0.014192 0.014351 0.000000 0.035222 29.063767
60.000000 9.900000 0.000180 0.009158 0.010223 0.014259 0.000000 0.035124 29.087920
70.000000 9.900000 0.000113 0.006124 0.007691 0.014210 0.000000 0.035081 29.098575
80.000000 9.900000 0.000075 0.004464 0.006048 0.014180 0.000000 0.035062 29.103305
90.000000 9.900000 0.000052 0.003393 0.004958 0.014160 0.000000 0.035053 29.105504
100.000000 9.900000 0.000038 0.002791 0.004200 0.014147 0.000000 0.035048 29.106761
110.000000 9.900000 0.000030 0.002300 0.003645 0.014137 0.000000 0.035045 29.107600
120.000000 9.900000 0.000024 0.001995 0.003218 0.014129 0.000000 0.035042 29.108317
130.000000 9.900000 0.000020 0.001758 0.002878 0.014123 0.000000 0.035040 29.108840
140.000000 9.900000 0.000017 0.001545 0.002600 0.014117 0.000000 0.035038 29.109158
150.000000 9.900000 0.000015 0.001440 0.002366 0.014113 0.000000 0.035037 29.109387
160.000000 9.900000 0.000014 0.001267 0.002165 0.014109 0.000000 0.035037 29.109566
170.000000 9.900000 0.000012 0.001173 0.001992 0.014105 0.000000 0.035036 29.109710
180.000000 9.900000 0.000011 0.001073 0.001840 0.014102 0.000000 0.035036 29.109822
190.000000 9.900000 0.000010 0.000961 0.001707 0.014100 0.000000 0.035035 29.109889
