0.000000 10.000000 0.116396 1.000000 1.000000 0.059212 0.000000 0.104748 19.597065
10.000000 9.900000 0.008415 0.113787 0.087167 0.026935 0.000000 0.071440 22.921210
20.000000 9.900000 0.005050 0.078305 0.053809 0.020667 0.000000 0.055502 25.113773
30.000000 9.900000 0.003360 0.056291 0.038745 0.017973 0.000000 0.046567 26.638362
40.000000 9.900000 0.002286 0.040030 0.028813 0.016622 0.000000 0.041982 27.538640
50.000000 9.900000 0.001537 0.028645 0.021796 0.015918 0.000000 0.039828 27.996281
60.000000 9.900000 0.001048 0.020469 0.016363 0.015519 0.000000 0.038725 28.240203
70.000000 9.900000 0.000739 0.014716 0.012269 0.015261 0.000000 0.038081 28.385877
80.000000 9.900000 0.000534 0.010418 0.009229 0.015089 0.000000 0.037690 28.475431
90.000000 9.900000 0.000390 0.007627 0.007093 0.014975 0.000000 0.037463 28.527851
100.000000 9.900000 0.000295 0.005725 0.005520 0.014896 0.000000 0.037340 28.556440
110.000000 9.900000 0.000224 0.004370 0.004414 0.014845 0.000000 0.037273 28.572102
120.000000 9.900000 0.000170 0.003331 0.003630 0.014812 0.000000 0.037234 28.581295
130.000000 9.900000 0.000131 0.002605 0.003039 0.014788 0.000000 0.037208 28.587197
140.000000 9.900000 0.000103 0.002113 0.002588 0.014771 0.000000 0.037191 28.591288
150.000000 9.900000 0.000081 0.001677 0.002246 0.014759 0.000000 0.037178 28.594316
160.000000 9.900000 0.000066 0.001398 0.001977 0.014750 0.000000 0.037169 28.596303
170.000000 9.900000 0.000054 0.001131 0.001759 0.014743 0.000000 0.037164 28.597444
180.000000 9.900000 0.000044 0.000964 0.001583 0.014737 0.000000 0.037162 28.597905
