0.000000 10.000000 0.106135 1.000000 1.000000 0.072030 0.000000 0.098511 20.130327
10.000000 9.900000 0.009427 0.117998 0.098317 0.029677 0.000000 0.054879 25.211875
20.000000 9.900000 0.005345 0.079106 0.060366 0.022442 0.000000 0.036956 28.646306
30.000000 9.900000 0.003203 0.049930 0.039995 0.019640 0.000000 0.029554 30.587759
40.000000 9.900000 0.001860 0.030956 0.026845 0.018525 0.000000 0.027288 31.280650
50.000000 9.900000 0.001147 0.018936 0.017735 0.017940 0.000000 0.026515 31.530172
60.000000 9.900000 0.000768 0.012397 0.011881 0.017581 0.000000 0.026190 31.637324
70.000000 9.900000 0.000519 0.008553 0.008436 0.017390 0.000000 0.026092 31.670011
80.000000 9.900000 0.000363 0.006020 0.006208 0.017272 0.000000 0.026078 31.674669
90.000000 9.900000 0.000261 0.004339 0.004756 0.017204 0.000000 0.026089 31.670862
100.000000 9.900000 0.000191 0.003266 0.003784 0.017162 0.000000 0.026104 31.665936
110.000000 9.900000 0.000143 0.002452 0.003092 0.017135 0.000000 0.026115 31.662278
120.000000 9.900000 0.000108 0.001873 0.002593 0.017116 0.000000 0.026122 31.659996
130.000000 9.900000 0.000083 0.001491 0.002219 0.017101 0.000000 0.026124 31.659106
140.000000 9.900000 0.000066 0.001190 0.001932 0.017090 0.000000 0.026124 31.659261
150.000000 9.900000 0.000053 0.000974 0.001704 0.017082 0.000000 0.026122 31.659879
