0.000000 10.000000 0.109166 1.000000 1.000000 0.050450 0.000000 0.084341 21.479229
10.000000 9.900000 0.008674 0.143669 0.078995 0.023187 0.000000 0.052492 25.598202
20.000000 9.900000 0.004619 0.085190 0.048715 0.018119 0.000000 0.041456 27.648344
30.000000 9.900000 0.002683 0.054877 0.034811 0.016369 0.000000 0.037765 28.458227
40.000000 9.900000 0.001648 0.036750 0.025254 0.015636 0.000000 0.036505 28.753058
50.000000 9.900000 0.001085 0.024953 0.018055 0.015240 0.000000 0.035915 28.894428
60.000000 9.900000 0.000745 0.017080 0.012878 0.015001 0.000000 0.035586 28.974513
70.000000 9.900000 0.000520 0.011973 0.009305 0.014849 0.000000 0.035405 29.018684
80.000000 9.900000 0.000370 0.008436 0.006888 0.014750 0.000000 0.035309 29.042312
90.000000 9.900000 0.000271 0.006141 0.005254 0.014686 0.000000 0.035263 29.053660
100.000000 9.900000 0.000201 0.004560 0.004124 0.014645 0.000000 0.035245 29.058079
110.000000 9.900000 0.000150 0.003438 0.003341 0.014619 0.000000 0.035242 29.058765
120.000000 9.900000 0.000115 0.002715 0.002770 0.014600 0.000000 0.035245 29.058013
130.000000 9.900000 0.000090 0.002156 0.002343 0.014587 0.000000 0.035250 29.056922
140.000000 9.900000 0.000070 0.001705 0.002020 0.014578 0.000000 0.035254 29.055779
150.000000 9.900000 0.000055 0.001414 0.001767 0.014571 0.000000 0.035258 29.054804
160.000000 9.900000 0.000045 0.001215 0.001561 0.014566 0.000000 0.035261 29.054137
170.000000 9.900000 0.000037 0.000987 0.001398 0.014562 0.000000 0.035263 29.053735
