0.000000 10.000000 0.129379 1.000000 1.000000 0.024313 0.000000 0.101776 19.847088
10.000000 9.900000 0.004754 0.134092 0.068950 0.015826 0.000000 0.082825 21.636792
20.000000 9.900000 0.002966 0.074830 0.035813 0.012979 0.000000 0.073751 22.644699
30.000000 9.900000 0.002172 0.051540 0.024689 0.011464 0.000000 0.067488 23.415415
40.000000 9.900000 0.001681 0.038802 0.019211 0.010524 0.000000 0.062930 24.022809
50.000000 9.900000 0.001339 0.031328 0.015954 0.009910 0.000000 0.059608 24.493961
60.000000 9.900000 0.001080 0.025871 0.013826 0.009500 0.000000 0.057214 24.850023
70.000000 9.900000 0.000883 0.021876 0.012149 0.009214 0.000000 0.055491 25.115537
80.000000 9.900000 0.000723 0.018822 0.010721 0.009010 0.000000 0.054248 25.312339
90.000000 9.900000 0.000592 0.015878 0.009509 0.008863 0.000000 0.053339 25.459091
100.000000 9.900000 0.000489 0.013557 0.008436 0.008752 0.000000 0.052656 25.571119
110.000000 9.900000 0.000409 0.011537 0.007471 0.008665 0.000000 0.052124 25.659227
120.000000 9.900000 0.000344 0.010058 0.006636 0.008597 0.000000 0.051701 25.730050
130.000000 9.900000 0.000291 0.008542 0.005917 0.008545 0.000000 0.051359 25.787741
140.000000 9.900000 0.000248 0.007501 0.005292 0.008505 0.000000 0.051077 25.835532
150.000000 9.900000 0.000213 0.006525 0.004752 0.008475 0.000000 0.050842 25.875577
160.000000 9.900000 0.000185 0.005713 0.004275 0.008452 0.000000 0.050644 25.909475
170.000000 9.900000 0.000161 0.005097 0.003855 0.008433 0.000000 0.050475 25.938519
180.000000 9.900000 0.000142 0.004395 0.003484 0.008416 0.000000 0.050329 25.963557
190.000000 9.900000 0.000126 0.003907 0.003152 0.008403 0.000000 0.050203 25.985325
