0.000000 10.000000 0.107970 1.000000 1.000000 0.048212 0.000000 0.115995 18.711211
10.000000 9.900000 0.007835 0.108042 0.088388 0.022929 0.000000 0.092494 20.677685
20.000000 9.900000 0.005056 0.075840 0.054984 0.017527 0.000000 0.079054 22.041535
30.000000 9.900000 0.003743 0.059874 0.040470 0.014756 0.000000 0.069355 23.178453
40.000000 9.900000 0.002939 0.049935 0.031798 0.013088 0.000000 0.062279 24.113179
50.000000 9.900000 0.002366 0.042003 0.025865 0.012003 0.000000 0.057293 24.837926
60.000000 9.900000 0.001911 0.035229 0.021732 0.011308 0.000000 0.053929 25.363547
70.000000 9.900000 0.001540 0.029432 0.018554 0.010842 0.000000 0.051714 25.727851
80.000000 9.900000 0.001239 0.024372 0.015863 0.010534 0.000000 0.050255 25.976368
90.000000 9.900000 0.001003 0.020328 0.013508 0.010301 0.000000 0.049289 26.144963
100.000000 9.900000 0.000822 0.017112 0.011400 0.010119 0.000000 0.048647 26.258821
110.000000 9.900000 0.000677 0.014296 0.009613 0.009981 0.000000 0.048213 26.336716
120.000000 9.900000 0.000560 0.011769 0.008119 0.009878 0.000000 0.047910 26.391458
130.000000 9.900000 0.000467 0.009877 0.006889 0.009796 0.000000 0.047686 26.432150
140.000000 9.900000 0.000394 0.008324 0.005860 0.009731 0.000000 0.047519 26.462659
150.000000 9.900000 0.000335 0.006924 0.005033 0.009679 0.000000 0.047392 26.485961
160.000000 9.900000 0.000283 0.005865 0.004369 0.009638 0.000000 0.047290 26.504665
170.000000 9.900000 0.000240 0.004964 0.003811 0.009605 0.000000 0.047208 26.519756
180.000000 9.900000 0.000207 0.004263 0.003324 0.009576 0.000000 0.047142 26.531826
190.000000 9.900000 0.000179 0.003632 0.002924 0.009554 0.000000 0.047090 26.541409
