0.000000 10.000000 0.104921 1.000000 1.000000 0.077141 0.000000 0.089850 20.929672
10.000000 9.900000 0.009607 0.127527 0.103930 0.030023 0.000000 0.040272 27.899921
20.000000 9.900000 0.004810 0.070627 0.060307 0.023296 0.000000 0.025453 31.885328
30.000000 9.900000 0.002337 0.036314 0.035825 0.021304 0.000000 0.022442 32.978797
40.000000 9.900000 0.001329 0.020419 0.020105 0.020351 0.000000 0.021690 33.274756
50.000000 9.900000 0.000773 0.012513 0.012623 0.019923 0.000000 0.021468 33.364027
60.000000 9.900000 0.000488 0.007920 0.008296 0.019705 0.000000 0.021400 33.391685
70.000000 9.900000 0.000312 0.005202 0.005964 0.019596 0.000000 0.021380 33.399846
80.000000 9.900000 0.000212 0.003628 0.004493 0.019532 0.000000 0.021376 33.401410
90.000000 9.900000 0.000148 0.002609 0.003546 0.019495 0.000000 0.021373 33.402517
100.000000 9.900000 0.000106 0.001912 0.002904 0.019472 0.000000 0.021370 33.403928
110.000000 9.900000 0.000078 0.001458 0.002439 0.019456 0.000000 0.021366 33.405535
120.000000 9.900000 0.000060 0.001150 0.002091 0.019444 0.000000 0.021363 33.406686
130.000000 9.900000 0.000047 0.000924 0.001823 0.019435 0.000000 0.021362 33.407016
