0.000000 10.000000 0.113798 1.000000 1.000000 0.037518 0.000000 0.059285 24.541077
10.000000 9.900000 0.006752 0.136886 0.087966 0.016530 0.000000 0.031913 29.920570
20.000000 9.900000 0.003153 0.075949 0.052299 0.013470 0.000000 0.025905 31.732303
30.000000 9.900000 0.001712 0.046419 0.033378 0.012428 0.000000 0.024104 32.358202
40.000000 9.900000 0.001035 0.028549 0.021003 0.011858 0.000000 0.023315 32.647241
50.000000 9.900000 0.000643 0.018068 0.013638 0.011543 0.000000 0.022998 32.766133
60.000000 9.900000 0.000414 0.011934 0.009431 0.011370 0.000000 0.022872 32.813786
70.000000 9.900000 0.000280 0.008212 0.006967 0.011274 0.000000 0.022811 32.837112
80.000000 9.900000 0.000194 0.005891 0.005414 0.011218 0.000000 0.022781 32.848479
90.000000 9.900000 0.000138 0.004381 0.004395 0.011184 0.000000 0.022767 32.853942
100.000000 9.900000 0.000102 0.003357 0.003671 0.011163 0.000000 0.022761 32.856040
110.000000 9.900000 0.000078 0.002596 0.003137 0.011148 0.000000 0.022759 32.856809
120.000000 9.900000 0.000061 0.002195 0.002727 0.011138 0.000000 0.022758 32.857314
130.000000 9.900000 0.000049 0.001806 0.002403 0.011131 0.000000 0.022757 32.857510
140.000000 9.900000 0.000040 0.001488 0.002147 0.011126 0.000000 0.022758 32.857484
150.000000 9.900000 0.000034 0.001302 0.001935 0.011121 0.000000 0.022757 32.857531
160.000000 9.900000 0.000029 0.001124 0.001761 0.011118 0.000000 0.022757 32.857637
170.000000 9.900000 0.000025 0.000978 0.001612 0.011115 0.000000 0.022757 32.857723
