0.000000 10.000000 0.097204 1.000000 1.000000 0.074271 0.000000 0.077629 22.199548
10.000000 9.900000 0.008450 0.090977 0.095095 0.036850 0.000000 0.045491 26.841563
20.000000 9.900000 0.003947 0.043945 0.044915 0.032458 0.000000 0.039535 28.060315
30.000000 9.900000 0.001958 0.022972 0.024449 0.031139 0.000000 0.038031 28.397208
40.000000 9.900000 0.001132 0.013018 0.013948 0.030501 0.000000 0.037545 28.508850
50.000000 9.900000 0.000676 0.007940 0.008964 0.030236 0.000000 0.037396 28.543497
60.000000 9.900000 0.000438 0.005083 0.006071 0.030098 0.000000 0.037349 28.554366
70.000000 9.900000 0.000304 0.003484 0.004336 0.030018 0.000000 0.037333 28.558068
80.000000 9.900000 0.000207 0.002439 0.003309 0.029979 0.000000 0.037333 28.558049
90.000000 9.900000 0.000152 0.001783 0.002570 0.029951 0.000000 0.037337 28.557151
100.000000 9.900000 0.000114 0.001348 0.002070 0.029933 0.000000 0.037342 28.556149
110.000000 9.900000 0.000084 0.001004 0.001721 0.029922 0.000000 0.037344 28.555576
120.000000 9.900000 0.000066 0.000809 0.001444 0.029914 0.000000 0.037346 28.555214
