0.000000 10.000000 0.103629 1.000000 1.000000 0.030144 0.000000 0.082080 21.715214
10.000000 9.900000 0.005369 0.130675 0.075653 0.017220 0.000000 0.065635 23.657321
20.000000 9.900000 0.003290 0.076995 0.042938 0.014053 0.000000 0.058379 24.674925
30.000000 9.900000 0.002299 0.055063 0.030559 0.012666 0.000000 0.054348 25.296317
40.000000 9.900000 0.001680 0.041264 0.023536 0.011872 0.000000 0.052007 25.678833
50.000000 9.900000 0.001259 0.031337 0.018819 0.011394 0.000000 0.050604 25.916277
60.000000 9.900000 0.000971 0.024715 0.015219 0.011081 0.000000 0.049724 26.068616
70.000000 9.900000 0.000755 0.019590 0.012493 0.010877 0.000000 0.049177 26.164785
80.000000 9.900000 0.000591 0.015407 0.010316 0.010741 0.000000 0.048824 26.227406
90.000000 9.900000 0.000469 0.012228 0.008549 0.010642 0.000000 0.048585 26.269879
100.000000 9.900000 0.000378 0.010030 0.007096 0.010568 0.000000 0.048417 26.300007
110.000000 9.900000 0.000308 0.008073 0.005940 0.010515 0.000000 0.048293 26.322350
120.000000 9.900000 0.000252 0.006663 0.005016 0.010473 0.000000 0.048198 26.339401
130.000000 9.900000 0.000206 0.005391 0.004273 0.010442 0.000000 0.048126 26.352414
140.000000 9.900000 0.000170 0.004470 0.003663 0.010419 0.000000 0.048071 26.362347
150.000000 9.900000 0.000141 0.003774 0.003162 0.010399 0.000000 0.048028 26.370034
160.000000 9.900000 0.000118 0.003111 0.002748 0.010384 0.000000 0.047994 26.376274
170.000000 9.900000 0.000100 0.002671 0.002407 0.010372 0.000000 0.047965 26.381429
180.000000 9.900000 0.000085 0.002260 0.002121 0.010362 0.000000 0.047942 26.385739
190.000000 9.900000 0.000073 0.001956 0.001885 0.010355 0.000000 0.047922 26.389249
