0.000000 10.000000 0.099096 1.000000 1.000000 0.059569 0.000000 0.093871 20.549374
10.000000 9.900000 0.008643 0.098033 0.087259 0.029381 0.000000 0.069694 23.136115
20.000000 9.900000 0.004819 0.056840 0.052728 0.024834 0.000000 0.062352 24.103007
30.000000 9.900000 0.003093 0.037121 0.034929 0.022964 0.000000 0.059164 24.558792
40.000000 9.900000 0.002138 0.025039 0.023449 0.021925 0.000000 0.057710 24.774953
50.000000 9.900000 0.001473 0.017532 0.016856 0.021402 0.000000 0.057134 24.862066
60.000000 9.900000 0.001036 0.012589 0.012430 0.021083 0.000000 0.056934 24.892572
70.000000 9.900000 0.000781 0.009177 0.009109 0.020845 0.000000 0.056886 24.899888
80.000000 9.900000 0.000579 0.006842 0.007029 0.020712 0.000000 0.056918 24.894977
90.000000 9.900000 0.000434 0.005213 0.005549 0.020622 0.000000 0.056978 24.885913
100.000000 9.900000 0.000337 0.003997 0.004401 0.020558 0.000000 0.057041 24.876325
110.000000 9.900000 0.000266 0.003127 0.003561 0.020511 0.000000 0.057099 24.867374
120.000000 9.900000 0.000212 0.002497 0.002944 0.020478 0.000000 0.057152 24.859313
130.000000 9.900000 0.000171 0.002000 0.002462 0.020455 0.000000 0.057199 24.852163
140.000000 9.900000 0.000139 0.001623 0.002088 0.020437 0.000000 0.057239 24.846113
150.000000 9.900000 0.000114 0.001339 0.001800 0.020423 0.000000 0.057272 24.841100
160.000000 9.900000 0.000094 0.001099 0.001573 0.020412 0.000000 0.057299 24.837041
170.000000 9.900000 0.000079 0.000931 0.001379 0.020404 0.000000 0.057321 24.833747
