0.000000 10.000000 0.097331 1.000000 1.000000 0.033156 0.000000 0.076439 22.333748
10.000000 9.900000 0.008159 0.135463 0.095807 0.015362 0.000000 0.057009 24.881142
20.000000 9.900000 0.005354 0.091444 0.063549 0.011699 0.000000 0.048546 26.276891
30.000000 9.900000 0.003900 0.067961 0.050411 0.010101 0.000000 0.044368 27.058605
40.000000 9.900000 0.003016 0.053853 0.041040 0.009168 0.000000 0.042148 27.504418
50.000000 9.900000 0.002439 0.044597 0.033063 0.008520 0.000000 0.040743 27.798939
60.000000 9.900000 0.002007 0.036756 0.026902 0.008070 0.000000 0.039829 27.996070
70.000000 9.900000 0.001657 0.030835 0.022169 0.007749 0.000000 0.039256 28.121861
80.000000 9.900000 0.001410 0.025634 0.018047 0.007445 0.000000 0.038818 28.219286
90.000000 9.900000 0.001218 0.021225 0.014838 0.007191 0.000000 0.038509 28.288681
100.000000 9.900000 0.001025 0.018298 0.012747 0.007035 0.000000 0.038339 28.327091
110.000000 9.900000 0.000864 0.015748 0.010997 0.006908 0.000000 0.038247 28.348046
120.000000 9.900000 0.000743 0.013487 0.009401 0.006789 0.000000 0.038176 28.364086
130.000000 9.900000 0.000647 0.011673 0.008056 0.006691 0.000000 0.038117 28.377653
140.000000 9.900000 0.000570 0.010356 0.006930 0.006604 0.000000 0.038072 28.387858
150.000000 9.900000 0.000500 0.008991 0.006033 0.006535 0.000000 0.038043 28.394439
160.000000 9.900000 0.000437 0.007981 0.005300 0.006480 0.000000 0.038028 28.397848
170.000000 9.900000 0.000383 0.007051 0.004677 0.006434 0.000000 0.038025 28.398610
180.000000 9.900000 0.000334 0.006257 0.004165 0.006396 0.000000 0.038028 28.397903
190.000000 9.900000 0.000292 0.005643 0.003711 0.006365 0.000000 0.038032 28.397021
