0.000000 10.000000 0.096920 1.000000 1.000000 0.068563 0.000000 0.085461 21.364670
10.000000 9.900000 0.008809 0.095027 0.093312 0.033569 0.000000 0.056320 24.986733
20.000000 9.900000 0.004517 0.051658 0.051263 0.029126 0.000000 0.049305 26.142094
30.000000 9.900000 0.002660 0.030006 0.029570 0.027272 0.000000 0.046827 26.590146
40.000000 9.900000 0.001586 0.018730 0.019109 0.026539 0.000000 0.046087 26.728495
50.000000 9.900000 0.001046 0.012172 0.012448 0.026100 0.000000 0.045800 26.782681
60.000000 9.900000 0.000721 0.008319 0.008591 0.025861 0.000000 0.045691 26.803424
70.000000 9.900000 0.000493 0.005802 0.006349 0.025738 0.000000 0.045666 26.808195
80.000000 9.900000 0.000364 0.004157 0.004720 0.025650 0.000000 0.045663 26.808730
90.000000 9.900000 0.000275 0.003123 0.003646 0.025596 0.000000 0.045673 26.806716
100.000000 9.900000 0.000208 0.002368 0.002921 0.025562 0.000000 0.045689 26.803830
110.000000 9.900000 0.000159 0.001817 0.002390 0.025539 0.000000 0.045703 26.801035
120.000000 9.900000 0.000127 0.001459 0.001968 0.025521 0.000000 0.045716 26.798725
130.000000 9.900000 0.000103 0.001177 0.001654 0.025509 0.000000 0.045725 26.796955
140.000000 9.900000 0.000081 0.000942 0.001427 0.025501 0.000000 0.045732 26.795638
