0.000000 10.000000 0.099514 1.000000 1.000000 0.049386 0.000000 0.057652 24.783721
10.000000 9.900000 0.008693 0.133891 0.123670 0.019329 0.000000 0.023990 32.399333
20.000000 9.900000 0.004281 0.070448 0.063188 0.015735 0.000000 0.018765 34.532823
30.000000 9.900000 0.002290 0.040693 0.033418 0.014041 0.000000 0.016784 35.501887
40.000000 9.900000 0.001397 0.024659 0.018995 0.013196 0.000000 0.016261 35.777174
50.000000 9.900000 0.000835 0.016392 0.012499 0.012822 0.000000 0.016046 35.892657
60.000000 9.900000 0.000558 0.010848 0.008528 0.012608 0.000000 0.015939 35.950701
70.000000 9.900000 0.000375 0.007637 0.006290 0.012493 0.000000 0.015894 35.975235
80.000000 9.900000 0.000262 0.005464 0.004830 0.012426 0.000000 0.015879 35.983579
90.000000 9.900000 0.000191 0.004092 0.003840 0.012381 0.000000 0.015870 35.988548
100.000000 9.900000 0.000141 0.003101 0.003151 0.012354 0.000000 0.015863 35.992381
110.000000 9.900000 0.000107 0.002406 0.002638 0.012335 0.000000 0.015859 35.994490
120.000000 9.900000 0.000083 0.001914 0.002249 0.012321 0.000000 0.015857 35.995444
130.000000 9.900000 0.000065 0.001544 0.001952 0.012311 0.000000 0.015856 35.996108
140.000000 9.900000 0.000052 0.001285 0.001714 0.012303 0.000000 0.015855 35.996765
150.000000 9.900000 0.000042 0.001066 0.001519 0.012296 0.000000 0.015854 35.997111
160.000000 9.900000 0.000035 0.000900 0.001359 0.012291 0.000000 0.015854 35.997244
