0.000000 10.000000 0.104032 1.000000 1.000000 0.043450 0.000000 0.092766 20.652203
10.000000 9.900000 0.008875 0.147472 0.085786 0.021294 0.000000 0.070462 23.040862
20.000000 9.900000 0.005393 0.092470 0.051824 0.016426 0.000000 0.060505 24.364136
30.000000 9.900000 0.003666 0.064786 0.038463 0.014394 0.000000 0.055338 25.139532
40.000000 9.900000 0.002657 0.048501 0.029953 0.013315 0.000000 0.052551 25.588451
50.000000 9.900000 0.001970 0.037170 0.023934 0.012712 0.000000 0.050979 25.852195
60.000000 9.900000 0.001511 0.028898 0.018938 0.012309 0.000000 0.050027 26.015994
70.000000 9.900000 0.001189 0.022387 0.015009 0.012015 0.000000 0.049412 26.123438
80.000000 9.900000 0.000940 0.017802 0.012076 0.011817 0.000000 0.049017 26.193147
90.000000 9.900000 0.000748 0.014246 0.009814 0.011674 0.000000 0.048754 26.239713
100.000000 9.900000 0.000606 0.011396 0.008024 0.011561 0.000000 0.048568 26.273085
110.000000 9.900000 0.000499 0.009408 0.006597 0.011474 0.000000 0.048433 26.297122
120.000000 9.900000 0.000412 0.007621 0.005509 0.011411 0.000000 0.048340 26.313931
130.000000 9.900000 0.000340 0.006199 0.004665 0.011365 0.000000 0.048276 26.325405
140.000000 9.900000 0.000283 0.005157 0.003986 0.011329 0.000000 0.048232 26.333370
150.000000 9.900000 0.000239 0.004321 0.003420 0.011301 0.000000 0.048201 26.338851
160.000000 9.900000 0.000203 0.003645 0.002957 0.011277 0.000000 0.048180 26.342714
170.000000 9.900000 0.000172 0.003128 0.002579 0.011259 0.000000 0.048164 26.345553
180.000000 9.900000 0.000148 0.002653 0.002266 0.011244 0.000000 0.048153 26.347596
190.000000 9.900000 0.000126 0.002271 0.002005 0.011231 0.000000 0.048145 26.349063
