0.000000 10.000000 0.096334 1.000000 1.000000 0.053097 0.000000 0.052629 25.575477
10.000000 9.900000 0.008037 0.123096 0.137389 0.021339 0.000000 0.019547 34.178267
20.000000 9.900000 0.003963 0.057893 0.051792 0.016763 0.000000 0.013885 37.149345
30.000000 9.900000 0.001928 0.032145 0.026304 0.015372 0.000000 0.013007 37.716387
40.000000 9.900000 0.001045 0.019337 0.015357 0.014761 0.000000 0.012668 37.945845
50.000000 9.900000 0.000647 0.012133 0.009698 0.014472 0.000000 0.012544 38.031295
60.000000 9.900000 0.000413 0.008026 0.006763 0.014339 0.000000 0.012491 38.068232
70.000000 9.900000 0.000277 0.005526 0.004995 0.014266 0.000000 0.012465 38.086501
80.000000 9.900000 0.000194 0.003984 0.003853 0.014223 0.000000 0.012451 38.096100
90.000000 9.900000 0.000139 0.002949 0.003079 0.014197 0.000000 0.012444 38.100881
100.000000 9.900000 0.000104 0.002246 0.002524 0.014180 0.000000 0.012441 38.102608
110.000000 9.900000 0.000078 0.001727 0.002121 0.014169 0.000000 0.012440 38.103649
120.000000 9.900000 0.000061 0.001361 0.001806 0.014160 0.000000 0.012438 38.104648
130.000000 9.900000 0.000048 0.001109 0.001562 0.014154 0.000000 0.012438 38.105306
140.000000 9.900000 0.000038 0.000916 0.001369 0.014149 0.000000 0.012437 38.105451
