0.000000 10.000000 0.104280 1.000000 1.000000 0.057633 0.000000 0.086616 21.247998
10.000000 9.900000 0.010144 0.144682 0.090670 0.024650 0.000000 0.051680 25.733496
20.000000 9.900000 0.005464 0.086035 0.058788 0.019344 0.000000 0.040138 27.928969
30.000000 9.900000 0.003243 0.055347 0.041203 0.017408 0.000000 0.036374 28.784160
40.000000 9.900000 0.002100 0.036995 0.028233 0.016413 0.000000 0.034865 29.152237
50.000000 9.900000 0.001420 0.025055 0.019221 0.015827 0.000000 0.034118 29.340325
60.000000 9.900000 0.000973 0.017289 0.013499 0.015494 0.000000 0.033757 29.432726
70.000000 9.900000 0.000692 0.012145 0.009733 0.015281 0.000000 0.033561 29.483296
80.000000 9.900000 0.000503 0.008829 0.007272 0.015147 0.000000 0.033446 29.513177
90.000000 9.900000 0.000377 0.006528 0.005578 0.015060 0.000000 0.033382 29.529873
100.000000 9.900000 0.000284 0.004935 0.004421 0.015004 0.000000 0.033353 29.537415
110.000000 9.900000 0.000214 0.003788 0.003606 0.014967 0.000000 0.033344 29.539732
120.000000 9.900000 0.000164 0.002929 0.002995 0.014941 0.000000 0.033342 29.540064
130.000000 9.900000 0.000128 0.002290 0.002532 0.014923 0.000000 0.033343 29.539903
140.000000 9.900000 0.000101 0.001862 0.002183 0.014910 0.000000 0.033344 29.539743
150.000000 9.900000 0.000081 0.001502 0.001912 0.014900 0.000000 0.033344 29.539760
160.000000 9.900000 0.000065 0.001237 0.001697 0.014893 0.000000 0.033343 29.539948
170.000000 9.900000 0.000053 0.001060 0.001522 0.014887 0.000000 0.033342 29.540083
180.000000 9.900000 0.000044 0.000893 0.001378 0.014883 0.000000 0.033342 29.540194
