0.000000 10.000000 0.100218 1.000000 1.000000 0.070326 0.000000 0.079897 21.949433
10.000000 9.900000 0.011379 0.157599 0.109949 0.026055 0.000000 0.035315 29.040741
20.000000 9.900000 0.005312 0.081576 0.069755 0.021192 0.000000 0.027301 31.276557
30.000000 9.900000 0.003199 0.047016 0.039170 0.018894 0.000000 0.024472 32.226644
40.000000 9.900000 0.001916 0.029344 0.024477 0.017860 0.000000 0.023402 32.614809
50.000000 9.900000 0.001237 0.019061 0.015745 0.017276 0.000000 0.022941 32.787864
60.000000 9.900000 0.000839 0.012968 0.010700 0.016955 0.000000 0.022709 32.876129
70.000000 9.900000 0.000567 0.009116 0.007744 0.016782 0.000000 0.022643 32.901338
80.000000 9.900000 0.000402 0.006470 0.005758 0.016672 0.000000 0.022620 32.910328
90.000000 9.900000 0.000295 0.004787 0.004447 0.016604 0.000000 0.022605 32.915858
100.000000 9.900000 0.000213 0.003555 0.003592 0.016564 0.000000 0.022597 32.919066
110.000000 9.900000 0.000162 0.002752 0.002942 0.016535 0.000000 0.022591 32.921265
120.000000 9.900000 0.000125 0.002119 0.002474 0.016515 0.000000 0.022589 32.921983
130.000000 9.900000 0.000097 0.001700 0.002128 0.016502 0.000000 0.022589 32.922199
140.000000 9.900000 0.000076 0.001374 0.001852 0.016491 0.000000 0.022588 32.922476
150.000000 9.900000 0.000061 0.001154 0.001631 0.016483 0.000000 0.022587 32.922692
160.000000 9.900000 0.000050 0.000950 0.001454 0.016477 0.000000 0.022587 32.922735
