0.000000 10.000000 0.103782 1.000000 1.000000 0.049754 0.000000 0.054534 25.266620
10.000000 9.900000 0.007503 0.125895 0.117569 0.019699 0.000000 0.019954 33.999294
20.000000 9.900000 0.003314 0.059224 0.051589 0.016244 0.000000 0.015159 36.386552
30.000000 9.900000 0.001496 0.029776 0.025505 0.015022 0.000000 0.014157 36.980495
40.000000 9.900000 0.000817 0.016736 0.014415 0.014494 0.000000 0.013900 37.140014
50.000000 9.900000 0.000453 0.009890 0.009514 0.014287 0.000000 0.013830 37.183364
60.000000 9.900000 0.000281 0.006447 0.006807 0.014180 0.000000 0.013799 37.203176
70.000000 9.900000 0.000180 0.004341 0.005185 0.014123 0.000000 0.013784 37.212256
80.000000 9.900000 0.000124 0.003163 0.004132 0.014087 0.000000 0.013777 37.216958
90.000000 9.900000 0.000089 0.002378 0.003402 0.014064 0.000000 0.013775 37.218209
100.000000 9.900000 0.000067 0.001888 0.002869 0.014047 0.000000 0.013774 37.218675
110.000000 9.900000 0.000052 0.001509 0.002458 0.014035 0.000000 0.013774 37.219046
120.000000 9.900000 0.000042 0.001240 0.002135 0.014025 0.000000 0.013773 37.219448
130.000000 9.900000 0.000035 0.001022 0.001879 0.014017 0.000000 0.013772 37.219935
140.000000 9.900000 0.000029 0.000871 0.001667 0.014010 0.000000 0.013772 37.220359
