0.000000 10.000000 0.104491 1.000000 1.000000 0.071141 0.000000 0.074232 22.588171
10.000000 9.900000 0.010083 0.146370 0.109696 0.026502 0.000000 0.028726 30.834407
20.000000 9.900000 0.004166 0.067068 0.058055 0.022077 0.000000 0.022823 32.832567
30.000000 9.900000 0.002121 0.034724 0.029593 0.020283 0.000000 0.021032 33.542570
40.000000 9.900000 0.001142 0.019180 0.016646 0.019539 0.000000 0.020500 33.764793
50.000000 9.900000 0.000669 0.011417 0.010437 0.019213 0.000000 0.020312 33.844942
60.000000 9.900000 0.000400 0.007195 0.007217 0.019066 0.000000 0.020270 33.862958
70.000000 9.900000 0.000257 0.004697 0.005305 0.018991 0.000000 0.020260 33.867271
80.000000 9.900000 0.000170 0.003262 0.004138 0.018948 0.000000 0.020259 33.867768
90.000000 9.900000 0.000117 0.002349 0.003366 0.018923 0.000000 0.020258 33.867941
100.000000 9.900000 0.000084 0.001796 0.002819 0.018906 0.000000 0.020258 33.868255
110.000000 9.900000 0.000063 0.001408 0.002408 0.018893 0.000000 0.020257 33.868446
120.000000 9.900000 0.000049 0.001126 0.002097 0.018885 0.000000 0.020257 33.868618
130.000000 9.900000 0.000039 0.000936 0.001846 0.018878 0.000000 0.020257 33.868656
