0.000000 10.000000 0.128811 1.000000 1.000000 0.044251 0.000000 0.092002 20.724021
10.000000 9.900000 0.006554 0.128184 0.068939 0.021736 0.000000 0.052856 25.538121
20.000000 9.900000 0.003277 0.072013 0.040291 0.017110 0.000000 0.040019 27.954585
30.000000 9.900000 0.001749 0.045125 0.028619 0.015626 0.000000 0.035583 28.975140
40.000000 9.900000 0.000957 0.029458 0.020762 0.015075 0.000000 0.034106 29.343373
50.000000 9.900000 0.000554 0.019341 0.014972 0.014819 0.000000 0.033594 29.474688
60.000000 9.900000 0.000345 0.013122 0.010866 0.014677 0.000000 0.033382 29.529814
70.000000 9.900000 0.000227 0.009016 0.008052 0.014592 0.000000 0.033273 29.558121
80.000000 9.900000 0.000152 0.006510 0.006147 0.014540 0.000000 0.033219 29.572372
90.000000 9.900000 0.000105 0.004789 0.004826 0.014508 0.000000 0.033193 29.579115
100.000000 9.900000 0.000075 0.003735 0.003881 0.014487 0.000000 0.033179 29.582659
110.000000 9.900000 0.000056 0.002878 0.003188 0.014473 0.000000 0.033172 29.584526
120.000000 9.900000 0.000042 0.002295 0.002677 0.014463 0.000000 0.033168 29.585555
130.000000 9.900000 0.000033 0.001877 0.002286 0.014455 0.000000 0.033166 29.586262
140.000000 9.900000 0.000027 0.001595 0.001979 0.014449 0.000000 0.033164 29.586700
150.000000 9.900000 0.000022 0.001350 0.001732 0.014444 0.000000 0.033163 29.586879
160.000000 9.900000 0.000019 0.001156 0.001532 0.014441 0.000000 0.033163 29.586951
170.000000 9.900000 0.000016 0.000999 0.001365 0.014438 0.000000 0.033163 29.586977
