0.000000 10.000000 0.104415 1.000000 1.000000 0.073915 0.000000 0.067922 23.359750
10.000000 9.900000 0.009101 0.136646 0.117180 0.027185 0.000000 0.022311 33.029471
20.000000 9.900000 0.003631 0.055608 0.050338 0.022631 0.000000 0.017726 35.027967
30.000000 9.900000 0.001641 0.027226 0.023998 0.021119 0.000000 0.016597 35.599602
40.000000 9.900000 0.000835 0.014342 0.013397 0.020566 0.000000 0.016302 35.755114
50.000000 9.900000 0.000454 0.008305 0.008617 0.020360 0.000000 0.016243 35.786891
60.000000 9.900000 0.000268 0.005170 0.006097 0.020264 0.000000 0.016223 35.797166
70.000000 9.900000 0.000167 0.003399 0.004633 0.020215 0.000000 0.016212 35.803281
80.000000 9.900000 0.000112 0.002446 0.003688 0.020186 0.000000 0.016206 35.806578
90.000000 9.900000 0.000079 0.001824 0.003041 0.020168 0.000000 0.016204 35.807821
100.000000 9.900000 0.000059 0.001386 0.002568 0.020154 0.000000 0.016203 35.808148
110.000000 9.900000 0.000046 0.001166 0.002201 0.020144 0.000000 0.016202 35.808461
120.000000 9.900000 0.000037 0.000950 0.001913 0.020136 0.000000 0.016202 35.808660
