0.000000 10.000000 0.102399 1.000000 1.000000 0.040885 0.000000 0.098500 20.131244
10.000000 9.900000 0.007311 0.111755 0.082192 0.021774 0.000000 0.083695 21.546016
20.000000 9.900000 0.004430 0.065244 0.047633 0.017941 0.000000 0.078328 22.121684
30.000000 9.900000 0.003090 0.045132 0.034153 0.016228 0.000000 0.075438 22.448169
40.000000 9.900000 0.002294 0.033645 0.026355 0.015298 0.000000 0.073725 22.647655
50.000000 9.900000 0.001777 0.025717 0.020538 0.014722 0.000000 0.072672 22.772598
60.000000 9.900000 0.001397 0.020135 0.016163 0.014341 0.000000 0.072020 22.850954
70.000000 9.900000 0.001114 0.015958 0.012994 0.014084 0.000000 0.071628 22.898357
80.000000 9.900000 0.000910 0.012661 0.010531 0.013890 0.000000 0.071416 22.924066
90.000000 9.900000 0.000747 0.010351 0.008673 0.013748 0.000000 0.071317 22.936199
100.000000 9.900000 0.000616 0.008475 0.007261 0.013645 0.000000 0.071288 22.939668
110.000000 9.900000 0.000514 0.007010 0.006115 0.013565 0.000000 0.071302 22.937969
120.000000 9.900000 0.000429 0.005788 0.005218 0.013506 0.000000 0.071341 22.933183
130.000000 9.900000 0.000362 0.004879 0.004477 0.013457 0.000000 0.071394 22.926751
140.000000 9.900000 0.000308 0.004109 0.003865 0.013418 0.000000 0.071453 22.919624
150.000000 9.900000 0.000264 0.003507 0.003346 0.013387 0.000000 0.071512 22.912422
160.000000 9.900000 0.000228 0.002979 0.002924 0.013362 0.000000 0.071569 22.905468
170.000000 9.900000 0.000197 0.002575 0.002573 0.013342 0.000000 0.071624 22.898827
180.000000 9.900000 0.000171 0.002234 0.002277 0.013325 0.000000 0.071676 22.892513
190.000000 9.900000 0.000149 0.001936 0.002030 0.013312 0.000000 0.071725 22.886529
