0.000000 10.000000 0.128256 1.000000 1.000000 0.050457 0.000000 0.098364 20.143306
10.000000 9.900000 0.007383 0.122142 0.080308 0.023957 0.000000 0.067131 23.461519
20.000000 9.900000 0.004327 0.079475 0.047129 0.018549 0.000000 0.053462 25.439030
30.000000 9.900000 0.002804 0.055872 0.033840 0.016297 0.000000 0.046148 26.717031
40.000000 9.900000 0.001857 0.040188 0.025774 0.015243 0.000000 0.042537 27.424596
50.000000 9.900000 0.001238 0.028542 0.019921 0.014696 0.000000 0.040835 27.779279
60.000000 9.900000 0.000847 0.020728 0.015314 0.014388 0.000000 0.039991 27.960811
70.000000 9.900000 0.000593 0.014925 0.011773 0.014197 0.000000 0.039528 28.062001
80.000000 9.900000 0.000429 0.011020 0.009022 0.014068 0.000000 0.039241 28.125158
90.000000 9.900000 0.000312 0.008068 0.006971 0.013980 0.000000 0.039052 28.167042
100.000000 9.900000 0.000231 0.006129 0.005461 0.013917 0.000000 0.038926 28.195237
110.000000 9.900000 0.000172 0.004551 0.004367 0.013876 0.000000 0.038845 28.213247
120.000000 9.900000 0.000129 0.003509 0.003575 0.013850 0.000000 0.038795 28.224471
130.000000 9.900000 0.000098 0.002739 0.002998 0.013832 0.000000 0.038763 28.231726
140.000000 9.900000 0.000076 0.002197 0.002560 0.013818 0.000000 0.038740 28.236754
150.000000 9.900000 0.000060 0.001791 0.002214 0.013808 0.000000 0.038724 28.240443
160.000000 9.900000 0.000048 0.001458 0.001946 0.013801 0.000000 0.038712 28.243037
170.000000 9.900000 0.000039 0.001302 0.001732 0.013795 0.000000 0.038704 28.244866
180.000000 9.900000 0.000033 0.001075 0.001552 0.013791 0.000000 0.038698 28.246136
190.000000 9.900000 0.000027 0.000913 0.001405 0.013787 0.000000 0.038694 28.247016
