0.000000 10.000000 0.108712 1.000000 1.000000 0.057525 0.000000 0.086779 21.231693
10.000000 9.900000 0.007363 0.093961 0.076773 0.029956 0.000000 0.060487 24.366783
20.000000 9.900000 0.003594 0.049384 0.043038 0.026286 0.000000 0.054210 25.318426
30.000000 9.900000 0.001991 0.028292 0.026549 0.025063 0.000000 0.052210 25.644855
40.000000 9.900000 0.001172 0.016860 0.016785 0.024518 0.000000 0.051550 25.755410
50.000000 9.900000 0.000719 0.010372 0.011087 0.024254 0.000000 0.051348 25.789461
60.000000 9.900000 0.000456 0.006652 0.007730 0.024118 0.000000 0.051308 25.796223
70.000000 9.900000 0.000299 0.004456 0.005640 0.024044 0.000000 0.051316 25.794925
80.000000 9.900000 0.000203 0.003093 0.004291 0.024000 0.000000 0.051339 25.791132
90.000000 9.900000 0.000141 0.002182 0.003404 0.023974 0.000000 0.051363 25.786925
100.000000 9.900000 0.000101 0.001639 0.002784 0.023957 0.000000 0.051384 25.783484
110.000000 9.900000 0.000075 0.001221 0.002338 0.023945 0.000000 0.051399 25.780983
120.000000 9.900000 0.000057 0.000972 0.002005 0.023936 0.000000 0.051409 25.779135
