0.000000 10.000000 0.100039 1.000000 1.000000 0.082402 0.000000 0.080458 21.888568
10.000000 9.900000 0.009611 0.126740 0.109202 0.031724 0.000000 0.029015 30.747585
20.000000 9.900000 0.004090 0.054166 0.057767 0.025914 0.000000 0.019724 34.100310
30.000000 9.900000 0.002050 0.026338 0.027981 0.024093 0.000000 0.018226 34.786263
40.000000 9.900000 0.001058 0.015138 0.016083 0.023386 0.000000 0.017869 34.957842
50.000000 9.900000 0.000621 0.009049 0.009817 0.023063 0.000000 0.017749 35.016708
60.000000 9.900000 0.000373 0.005711 0.006676 0.022919 0.000000 0.017724 35.028898
70.000000 9.900000 0.000240 0.003783 0.004831 0.022847 0.000000 0.017721 35.030376
80.000000 9.900000 0.000160 0.002624 0.003725 0.022807 0.000000 0.017715 35.032973
90.000000 9.900000 0.000113 0.001890 0.002975 0.022783 0.000000 0.017711 35.035032
100.000000 9.900000 0.000080 0.001404 0.002463 0.022768 0.000000 0.017710 35.035729
110.000000 9.900000 0.000061 0.001095 0.002079 0.022758 0.000000 0.017708 35.036387
120.000000 9.900000 0.000046 0.000866 0.001792 0.022750 0.000000 0.017708 35.036798
