0.000000 10.000000 0.095981 1.000000 1.000000 0.063325 0.000000 0.086633 21.246370
10.000000 9.900000 0.006023 0.110552 0.096694 0.026436 0.000000 0.050237 25.979481
20.000000 9.900000 0.003335 0.064517 0.058668 0.021038 0.000000 0.037264 28.574291
30.000000 9.900000 0.002051 0.039233 0.038427 0.018887 0.000000 0.031923 29.917884
40.000000 9.900000 0.001272 0.024829 0.026397 0.017945 0.000000 0.030144 30.415964
50.000000 9.900000 0.000804 0.015896 0.018258 0.017477 0.000000 0.029553 30.587836
60.000000 9.900000 0.000558 0.010672 0.012642 0.017179 0.000000 0.029275 30.670006
70.000000 9.900000 0.000393 0.007474 0.009344 0.017019 0.000000 0.029147 30.708160
80.000000 9.900000 0.000287 0.005447 0.007136 0.016902 0.000000 0.029094 30.723818
90.000000 9.900000 0.000215 0.004078 0.005661 0.016831 0.000000 0.029077 30.728965
100.000000 9.900000 0.000167 0.003148 0.004602 0.016775 0.000000 0.029074 30.729852
110.000000 9.900000 0.000127 0.002428 0.003870 0.016741 0.000000 0.029075 30.729607
120.000000 9.900000 0.000102 0.001910 0.003296 0.016710 0.000000 0.029076 30.729232
130.000000 9.900000 0.000081 0.001582 0.002887 0.016691 0.000000 0.029078 30.728792
140.000000 9.900000 0.000065 0.001306 0.002554 0.016673 0.000000 0.029079 30.728547
150.000000 9.900000 0.000054 0.001100 0.002278 0.016660 0.000000 0.029079 30.728409
160.000000 9.900000 0.000044 0.000944 0.002069 0.016651 0.000000 0.029080 30.728201
