0.000000 10.000000 0.103348 1.000000 1.000000 0.020682 0.000000 0.083087 21.609338
10.000000 9.900000 0.003883 0.139862 0.064562 0.014279 0.000000 0.068253 23.317619
20.000000 9.900000 0.002353 0.068872 0.033433 0.012070 0.000000 0.061959 24.157884
30.000000 9.900000 0.001679 0.045841 0.023331 0.011001 0.000000 0.058253 24.693677
40.000000 9.900000 0.001267 0.033880 0.018110 0.010384 0.000000 0.055941 25.045324
50.000000 9.900000 0.000993 0.026522 0.014801 0.009989 0.000000 0.054454 25.279405
60.000000 9.900000 0.000789 0.021557 0.012571 0.009732 0.000000 0.053495 25.433765
70.000000 9.900000 0.000636 0.017798 0.010833 0.009555 0.000000 0.052877 25.534587
80.000000 9.900000 0.000518 0.014857 0.009339 0.009427 0.000000 0.052480 25.600073
90.000000 9.900000 0.000425 0.012315 0.008090 0.009337 0.000000 0.052219 25.643371
100.000000 9.900000 0.000351 0.010350 0.007027 0.009271 0.000000 0.052039 25.673372
110.000000 9.900000 0.000293 0.008773 0.006122 0.009220 0.000000 0.051910 25.694900
120.000000 9.900000 0.000247 0.007413 0.005368 0.009180 0.000000 0.051819 25.710249
130.000000 9.900000 0.000209 0.006310 0.004731 0.009147 0.000000 0.051755 25.721003
140.000000 9.900000 0.000179 0.005393 0.004194 0.009122 0.000000 0.051710 25.728437
150.000000 9.900000 0.000153 0.004663 0.003734 0.009100 0.000000 0.051681 25.733372
160.000000 9.900000 0.000132 0.004110 0.003340 0.009083 0.000000 0.051663 25.736336
170.000000 9.900000 0.000114 0.003549 0.002998 0.009070 0.000000 0.051654 25.737851
180.000000 9.900000 0.000099 0.003083 0.002698 0.009059 0.000000 0.051652 25.738320
190.000000 9.900000 0.000087 0.002698 0.002440 0.009050 0.000000 0.051653 25.738154
