0.000000 10.000000 0.100295 1.000000 1.000000 0.075039 0.000000 0.073030 22.730026
10.000000 9.900000 0.010915 0.153935 0.121863 0.026876 0.000000 0.026162 31.646524
20.000000 9.900000 0.004747 0.069020 0.063119 0.022139 0.000000 0.020752 33.658778
30.000000 9.900000 0.002546 0.037136 0.032181 0.019966 0.000000 0.018546 34.635021
40.000000 9.900000 0.001429 0.021839 0.018524 0.019093 0.000000 0.017961 34.913552
50.000000 9.900000 0.000864 0.013726 0.011637 0.018679 0.000000 0.017732 35.025061
60.000000 9.900000 0.000540 0.008815 0.007906 0.018478 0.000000 0.017672 35.054118
70.000000 9.900000 0.000359 0.005940 0.005725 0.018369 0.000000 0.017647 35.066723
80.000000 9.900000 0.000242 0.004173 0.004376 0.018309 0.000000 0.017635 35.072585
90.000000 9.900000 0.000172 0.003068 0.003467 0.018272 0.000000 0.017629 35.075623
100.000000 9.900000 0.000125 0.002275 0.002835 0.018248 0.000000 0.017626 35.077081
110.000000 9.900000 0.000092 0.001747 0.002381 0.018233 0.000000 0.017623 35.078174
120.000000 9.900000 0.000071 0.001371 0.002041 0.018222 0.000000 0.017622 35.078835
130.000000 9.900000 0.000055 0.001111 0.001779 0.018213 0.000000 0.017621 35.079295
140.000000 9.900000 0.000044 0.000927 0.001569 0.018206 0.000000 0.017621 35.079570
