0.000000 10.000000 0.096879 1.000000 1.000000 0.063730 0.000000 0.061362 24.242062
10.000000 9.900000 0.007264 0.124729 0.109853 0.026803 0.000000 0.022399 32.995476
20.000000 9.900000 0.002938 0.051344 0.045051 0.023057 0.000000 0.018332 34.735580
30.000000 9.900000 0.001371 0.025803 0.021699 0.021725 0.000000 0.017378 35.200235
40.000000 9.900000 0.000725 0.013909 0.012068 0.021231 0.000000 0.017150 35.314499
50.000000 9.900000 0.000413 0.008162 0.007654 0.021026 0.000000 0.017071 35.354596
60.000000 9.900000 0.000251 0.005163 0.005288 0.020932 0.000000 0.017051 35.364970
70.000000 9.900000 0.000164 0.003431 0.003884 0.020882 0.000000 0.017044 35.368667
80.000000 9.900000 0.000108 0.002370 0.003016 0.020854 0.000000 0.017038 35.371378
90.000000 9.900000 0.000077 0.001702 0.002418 0.020836 0.000000 0.017035 35.373095
100.000000 9.900000 0.000055 0.001280 0.001997 0.020824 0.000000 0.017034 35.373713
110.000000 9.900000 0.000041 0.000984 0.001684 0.020816 0.000000 0.017034 35.373698
