0.000000 10.000000 0.107926 1.000000 1.000000 0.025325 0.000000 0.090456 20.871294
10.000000 9.900000 0.005216 0.151346 0.061988 0.017311 0.000000 0.073198 22.710030
20.000000 9.900000 0.003160 0.071373 0.031127 0.014227 0.000000 0.065207 23.714073
30.000000 9.900000 0.002238 0.046333 0.021956 0.012724 0.000000 0.060468 24.369518
40.000000 9.900000 0.001678 0.033833 0.017401 0.011876 0.000000 0.057620 24.788546
50.000000 9.900000 0.001312 0.026202 0.014533 0.011348 0.000000 0.055907 25.050696
60.000000 9.900000 0.001031 0.021274 0.012640 0.011030 0.000000 0.054905 25.207716
70.000000 9.900000 0.000820 0.017600 0.011123 0.010829 0.000000 0.054324 25.300109
80.000000 9.900000 0.000661 0.014690 0.009797 0.010703 0.000000 0.053986 25.354311
90.000000 9.900000 0.000538 0.012344 0.008597 0.010623 0.000000 0.053783 25.387123
100.000000 9.900000 0.000442 0.010374 0.007523 0.010566 0.000000 0.053650 25.408582
110.000000 9.900000 0.000366 0.008801 0.006599 0.010524 0.000000 0.053559 25.423296
120.000000 9.900000 0.000305 0.007463 0.005798 0.010493 0.000000 0.053496 25.433605
130.000000 9.900000 0.000255 0.006294 0.005107 0.010468 0.000000 0.053452 25.440725
140.000000 9.900000 0.000216 0.005506 0.004501 0.010448 0.000000 0.053423 25.445473
150.000000 9.900000 0.000183 0.004746 0.003979 0.010431 0.000000 0.053405 25.448410
160.000000 9.900000 0.000155 0.003986 0.003529 0.010417 0.000000 0.053395 25.449997
170.000000 9.900000 0.000132 0.003512 0.003139 0.010405 0.000000 0.053390 25.450722
180.000000 9.900000 0.000113 0.003002 0.002797 0.010395 0.000000 0.053390 25.450872
190.000000 9.900000 0.000097 0.002637 0.002500 0.010387 0.000000 0.053391 25.450712
