0.000000 10.000000 0.102771 1.000000 1.000000 0.054676 0.000000 0.092144 20.710697
10.000000 9.900000 0.008065 0.099672 0.082546 0.027880 0.000000 0.069332 23.181272
20.000000 9.900000 0.004452 0.056646 0.049035 0.023665 0.000000 0.062335 24.105369
30.000000 9.900000 0.002833 0.036879 0.033062 0.021943 0.000000 0.059408 24.523055
40.000000 9.900000 0.001904 0.024777 0.022476 0.021063 0.000000 0.058185 24.703727
50.000000 9.900000 0.001286 0.016970 0.015812 0.020592 0.000000 0.057744 24.769873
60.000000 9.900000 0.000891 0.011785 0.011422 0.020318 0.000000 0.057612 24.789806
70.000000 9.900000 0.000639 0.008422 0.008447 0.020149 0.000000 0.057594 24.792502
80.000000 9.900000 0.000470 0.006245 0.006441 0.020042 0.000000 0.057615 24.789361
90.000000 9.900000 0.000350 0.004616 0.005016 0.019969 0.000000 0.057652 24.783681
100.000000 9.900000 0.000264 0.003489 0.004012 0.019921 0.000000 0.057693 24.777567
110.000000 9.900000 0.000203 0.002678 0.003281 0.019889 0.000000 0.057730 24.771975
120.000000 9.900000 0.000159 0.002106 0.002728 0.019866 0.000000 0.057763 24.767006
130.000000 9.900000 0.000126 0.001657 0.002309 0.019849 0.000000 0.057791 24.762795
140.000000 9.900000 0.000101 0.001349 0.001986 0.019836 0.000000 0.057814 24.759304
150.000000 9.900000 0.000081 0.001102 0.001736 0.019826 0.000000 0.057833 24.756426
160.000000 9.900000 0.000066 0.000924 0.001534 0.019818 0.000000 0.057849 24.754087
