0.000000 10.000000 0.114453 1.000000 1.000000 0.032404 0.000000 0.062716 24.052460
10.000000 9.900000 0.006539 0.136420 0.083300 0.015687 0.000000 0.040410 27.870229
20.000000 9.900000 0.003557 0.082189 0.049231 0.012349 0.000000 0.033536 29.489829
30.000000 9.900000 0.002124 0.055286 0.035362 0.011124 0.000000 0.031151 30.130584
40.000000 9.900000 0.001367 0.038800 0.025920 0.010536 0.000000 0.030044 30.444777
50.000000 9.900000 0.000942 0.027706 0.018671 0.010176 0.000000 0.029416 30.628465
60.000000 9.900000 0.000664 0.019321 0.013440 0.009943 0.000000 0.029070 30.731056
70.000000 9.900000 0.000471 0.013930 0.009830 0.009790 0.000000 0.028870 30.791116
80.000000 9.900000 0.000341 0.010048 0.007418 0.009688 0.000000 0.028753 30.826194
90.000000 9.900000 0.000255 0.007624 0.005786 0.009620 0.000000 0.028687 30.846378
100.000000 9.900000 0.000192 0.005791 0.004675 0.009578 0.000000 0.028649 30.857770
110.000000 9.900000 0.000147 0.004477 0.003897 0.009550 0.000000 0.028629 30.863769
120.000000 9.900000 0.000115 0.003596 0.003313 0.009531 0.000000 0.028620 30.866718
130.000000 9.900000 0.000091 0.002936 0.002868 0.009518 0.000000 0.028615 30.868153
140.000000 9.900000 0.000074 0.002460 0.002522 0.009507 0.000000 0.028613 30.868779
150.000000 9.900000 0.000060 0.002058 0.002240 0.009499 0.000000 0.028613 30.868849
160.000000 9.900000 0.000050 0.001778 0.002009 0.009493 0.000000 0.028614 30.868547
170.000000 9.900000 0.000042 0.001517 0.001820 0.009489 0.000000 0.028615 30.868024
180.000000 9.900000 0.000035 0.001297 0.001665 0.009486 0.000000 0.028617 30.867457
190.000000 9.900000 0.000030 0.001174 0.001531 0.009483 0.000000 0.028619 30.866988
