0.000000 10.000000 0.110452 1.000000 1.000000 0.067568 0.000000 0.069639 23.143003
10.000000 9.900000 0.008276 0.144414 0.097695 0.024660 0.000000 0.024488 32.221074
20.000000 9.900000 0.002864 0.060613 0.048910 0.021034 0.000000 0.020589 33.727288
30.000000 9.900000 0.001322 0.028964 0.023951 0.019837 0.000000 0.019678 34.120413
40.000000 9.900000 0.000651 0.015156 0.013314 0.019410 0.000000 0.019478 34.208933
50.000000 9.900000 0.000350 0.008579 0.008555 0.019244 0.000000 0.019423 34.233892
60.000000 9.900000 0.000204 0.005412 0.006114 0.019169 0.000000 0.019411 34.238854
70.000000 9.900000 0.000128 0.003626 0.004672 0.019130 0.000000 0.019410 34.239394
80.000000 9.900000 0.000087 0.002626 0.003726 0.019107 0.000000 0.019408 34.240221
90.000000 9.900000 0.000063 0.001928 0.003078 0.019091 0.000000 0.019407 34.240952
100.000000 9.900000 0.000048 0.001573 0.002600 0.019081 0.000000 0.019405 34.241533
110.000000 9.900000 0.000039 0.001280 0.002236 0.019073 0.000000 0.019405 34.241698
120.000000 9.900000 0.000032 0.001026 0.001949 0.019067 0.000000 0.019405 34.241833
130.000000 9.900000 0.000026 0.000829 0.001724 0.019063 0.000000 0.019404 34.242082
