0.000000 10.000000 0.100379 1.000000 1.000000 0.080257 0.000000 0.090332 20.883187
10.000000 9.900000 0.009868 0.122520 0.106098 0.031923 0.000000 0.041351 27.670307
20.000000 9.900000 0.005177 0.068525 0.059514 0.024675 0.000000 0.026306 31.599044
30.000000 9.900000 0.002576 0.035896 0.037301 0.022650 0.000000 0.023125 32.718390
40.000000 9.900000 0.001533 0.020751 0.021254 0.021621 0.000000 0.022221 33.064742
50.000000 9.900000 0.000917 0.013142 0.013499 0.021145 0.000000 0.021974 33.161650
60.000000 9.900000 0.000584 0.008505 0.008982 0.020905 0.000000 0.021910 33.187241
70.000000 9.900000 0.000393 0.005822 0.006334 0.020772 0.000000 0.021882 33.198315
80.000000 9.900000 0.000269 0.004091 0.004720 0.020697 0.000000 0.021870 33.203002
90.000000 9.900000 0.000190 0.002894 0.003678 0.020654 0.000000 0.021867 33.204211
100.000000 9.900000 0.000139 0.002183 0.002965 0.020627 0.000000 0.021867 33.204040
110.000000 9.900000 0.000102 0.001642 0.002467 0.020610 0.000000 0.021866 33.204539
120.000000 9.900000 0.000079 0.001305 0.002085 0.020596 0.000000 0.021864 33.205424
130.000000 9.900000 0.000061 0.001027 0.001808 0.020587 0.000000 0.021863 33.205730
140.000000 9.900000 0.000049 0.000832 0.001582 0.020580 0.000000 0.021863 33.205741
