0.000000 10.000000 0.124439 1.000000 1.000000 0.067270 0.000000 0.081912 21.733033
10.000000 9.900000 0.007878 0.137259 0.091917 0.026168 0.000000 0.033221 29.571707
20.000000 9.900000 0.002958 0.059271 0.050307 0.021878 0.000000 0.024782 32.117315
30.000000 9.900000 0.001312 0.027811 0.026600 0.020542 0.000000 0.023133 32.715186
40.000000 9.900000 0.000646 0.014369 0.015054 0.020010 0.000000 0.022658 32.895598
50.000000 9.900000 0.000347 0.008263 0.009484 0.019801 0.000000 0.022575 32.927357
60.000000 9.900000 0.000198 0.005116 0.006677 0.019718 0.000000 0.022586 32.923173
70.000000 9.900000 0.000124 0.003445 0.005068 0.019677 0.000000 0.022597 32.918844
80.000000 9.900000 0.000084 0.002456 0.004034 0.019653 0.000000 0.022600 32.917982
90.000000 9.900000 0.000059 0.001852 0.003327 0.019637 0.000000 0.022598 32.918454
100.000000 9.900000 0.000045 0.001460 0.002814 0.019626 0.000000 0.022598 32.918522
110.000000 9.900000 0.000036 0.001192 0.002417 0.019619 0.000000 0.022598 32.918456
120.000000 9.900000 0.000029 0.000983 0.002110 0.019613 0.000000 0.022599 32.918393
