0.000000 10.000000 0.107674 1.000000 1.000000 0.030058 0.000000 0.073846 22.633508
10.000000 9.900000 0.007086 0.136741 0.089308 0.015152 0.000000 0.056769 24.917836
20.000000 9.900000 0.004564 0.088255 0.052572 0.011667 0.000000 0.048751 26.240260
30.000000 9.900000 0.003246 0.064406 0.040030 0.010120 0.000000 0.044353 27.061626
40.000000 9.900000 0.002437 0.050039 0.032725 0.009226 0.000000 0.041929 27.549617
50.000000 9.900000 0.001867 0.040347 0.027356 0.008727 0.000000 0.040562 27.837699
60.000000 9.900000 0.001478 0.033201 0.022523 0.008360 0.000000 0.039728 28.018110
70.000000 9.900000 0.001188 0.027071 0.018504 0.008111 0.000000 0.039181 28.138383
80.000000 9.900000 0.000987 0.021884 0.014973 0.007899 0.000000 0.038801 28.223224
90.000000 9.900000 0.000816 0.017521 0.012221 0.007745 0.000000 0.038554 28.278580
100.000000 9.900000 0.000671 0.014572 0.010093 0.007626 0.000000 0.038406 28.312091
110.000000 9.900000 0.000559 0.011884 0.008386 0.007530 0.000000 0.038319 28.331803
120.000000 9.900000 0.000475 0.009957 0.006996 0.007449 0.000000 0.038272 28.342453
130.000000 9.900000 0.000401 0.008377 0.005946 0.007390 0.000000 0.038255 28.346318
140.000000 9.900000 0.000334 0.007015 0.005143 0.007348 0.000000 0.038254 28.346409
150.000000 9.900000 0.000282 0.005968 0.004458 0.007311 0.000000 0.038260 28.345171
160.000000 9.900000 0.000245 0.005071 0.003871 0.007277 0.000000 0.038266 28.343697
170.000000 9.900000 0.000215 0.004386 0.003384 0.007250 0.000000 0.038274 28.342002
180.000000 9.900000 0.000187 0.003816 0.002997 0.007230 0.000000 0.038283 28.339823
190.000000 9.900000 0.000161 0.003331 0.002681 0.007214 0.000000 0.038295 28.337245
