0.000000 10.000000 0.104857 1.000000 1.000000 0.059130 0.000000 0.081103 21.819292
10.000000 9.900000 0.005475 0.113582 0.088864 0.024613 0.000000 0.047592 26.449358
20.000000 9.900000 0.002848 0.062814 0.053011 0.020068 0.000000 0.036739 28.697443
30.000000 9.900000 0.001601 0.036114 0.034616 0.018456 0.000000 0.032936 29.646555
40.000000 9.900000 0.000930 0.021730 0.022794 0.017719 0.000000 0.031559 30.017665
50.000000 9.900000 0.000558 0.013313 0.015284 0.017342 0.000000 0.031014 30.168910
60.000000 9.900000 0.000357 0.008625 0.010585 0.017135 0.000000 0.030792 30.231373
70.000000 9.900000 0.000237 0.005914 0.007738 0.017019 0.000000 0.030704 30.256187
80.000000 9.900000 0.000162 0.004168 0.005931 0.016957 0.000000 0.030668 30.266362
90.000000 9.900000 0.000115 0.003041 0.004775 0.016915 0.000000 0.030655 30.269938
100.000000 9.900000 0.000084 0.002303 0.003982 0.016890 0.000000 0.030654 30.270320
110.000000 9.900000 0.000062 0.001809 0.003415 0.016874 0.000000 0.030655 30.269866
120.000000 9.900000 0.000048 0.001489 0.002993 0.016862 0.000000 0.030657 30.269397
130.000000 9.900000 0.000037 0.001205 0.002666 0.016855 0.000000 0.030658 30.269144
140.000000 9.900000 0.000030 0.001046 0.002403 0.016849 0.000000 0.030658 30.269059
150.000000 9.900000 0.000025 0.000888 0.002186 0.016845 0.000000 0.030658 30.269002
