0.000000 10.000000 0.096535 1.000000 1.000000 0.038101 0.000000 0.087670 21.142991
10.000000 9.900000 0.006941 0.128368 0.089018 0.018618 0.000000 0.068152 23.330401
20.000000 9.900000 0.004367 0.084519 0.054341 0.014634 0.000000 0.059120 24.565374
30.000000 9.900000 0.003098 0.061681 0.039484 0.012826 0.000000 0.053945 25.360954
40.000000 9.900000 0.002316 0.046647 0.030461 0.011810 0.000000 0.050876 25.869733
50.000000 9.900000 0.001765 0.036557 0.024139 0.011197 0.000000 0.049024 26.191833
60.000000 9.900000 0.001377 0.028448 0.019231 0.010780 0.000000 0.047866 26.399375
70.000000 9.900000 0.001083 0.022714 0.015594 0.010505 0.000000 0.047118 26.536349
80.000000 9.900000 0.000875 0.018213 0.012597 0.010282 0.000000 0.046592 26.633804
90.000000 9.900000 0.000714 0.014537 0.010303 0.010124 0.000000 0.046225 26.702454
100.000000 9.900000 0.000585 0.012029 0.008533 0.010009 0.000000 0.045977 26.749238
110.000000 9.900000 0.000483 0.009816 0.007139 0.009917 0.000000 0.045803 26.782166
120.000000 9.900000 0.000401 0.008156 0.006034 0.009846 0.000000 0.045680 26.805550
130.000000 9.900000 0.000336 0.006815 0.005140 0.009791 0.000000 0.045590 26.822553
140.000000 9.900000 0.000285 0.005818 0.004404 0.009746 0.000000 0.045523 26.835359
150.000000 9.900000 0.000243 0.004908 0.003799 0.009710 0.000000 0.045474 26.844810
160.000000 9.900000 0.000209 0.004175 0.003292 0.009679 0.000000 0.045438 26.851606
170.000000 9.900000 0.000181 0.003593 0.002873 0.009654 0.000000 0.045413 26.856377
180.000000 9.900000 0.000156 0.003081 0.002544 0.009636 0.000000 0.045397 26.859534
190.000000 9.900000 0.000135 0.002676 0.002267 0.009621 0.000000 0.045385 26.861696
