0.000000 10.000000 0.104469 1.000000 1.000000 0.066148 0.000000 0.080264 21.909583
10.000000 9.900000 0.010508 0.149541 0.100016 0.025748 0.000000 0.037968 28.411725
20.000000 9.900000 0.004797 0.078552 0.062030 0.020989 0.000000 0.029363 30.644100
30.000000 9.900000 0.002654 0.044663 0.036470 0.019124 0.000000 0.027063 31.352613
40.000000 9.900000 0.001558 0.026328 0.021782 0.018239 0.000000 0.026203 31.633065
50.000000 9.900000 0.000967 0.016470 0.013784 0.017776 0.000000 0.025861 31.746993
60.000000 9.900000 0.000631 0.010717 0.009334 0.017544 0.000000 0.025722 31.793857
70.000000 9.900000 0.000417 0.007221 0.006738 0.017419 0.000000 0.025669 31.811922
80.000000 9.900000 0.000287 0.005060 0.005093 0.017345 0.000000 0.025646 31.819648
90.000000 9.900000 0.000202 0.003597 0.004010 0.017301 0.000000 0.025638 31.822296
100.000000 9.900000 0.000144 0.002727 0.003275 0.017274 0.000000 0.025637 31.822710
110.000000 9.900000 0.000107 0.002012 0.002750 0.017257 0.000000 0.025637 31.822665
120.000000 9.900000 0.000080 0.001575 0.002362 0.017245 0.000000 0.025637 31.822604
130.000000 9.900000 0.000062 0.001275 0.002061 0.017236 0.000000 0.025637 31.822708
140.000000 9.900000 0.000049 0.001058 0.001825 0.017230 0.000000 0.025637 31.822808
150.000000 9.900000 0.000040 0.000902 0.001633 0.017224 0.000000 0.025636 31.822851
