0.000000 10.000000 0.114690 1.000000 1.000000 0.067935 0.000000 0.096971 20.267153
10.000000 9.900000 0.008955 0.121104 0.091840 0.028662 0.000000 0.055422 25.126386
20.000000 9.900000 0.004873 0.077606 0.056850 0.022250 0.000000 0.039528 28.061904
30.000000 9.900000 0.002799 0.046342 0.037706 0.019921 0.000000 0.033270 29.558838
40.000000 9.900000 0.001653 0.028235 0.024827 0.018871 0.000000 0.030916 30.196396
50.000000 9.900000 0.001009 0.017381 0.016663 0.018342 0.000000 0.029914 30.482399
60.000000 9.900000 0.000649 0.011295 0.011360 0.018037 0.000000 0.029475 30.610843
70.000000 9.900000 0.000420 0.007447 0.008107 0.017870 0.000000 0.029306 30.660916
80.000000 9.900000 0.000287 0.005140 0.005995 0.017777 0.000000 0.029259 30.674774
90.000000 9.900000 0.000204 0.003749 0.004603 0.017724 0.000000 0.029262 30.673971
100.000000 9.900000 0.000146 0.002769 0.003692 0.017695 0.000000 0.029277 30.669379
110.000000 9.900000 0.000105 0.002049 0.003054 0.017676 0.000000 0.029289 30.665994
120.000000 9.900000 0.000078 0.001572 0.002599 0.017663 0.000000 0.029295 30.664125
130.000000 9.900000 0.000059 0.001224 0.002254 0.017653 0.000000 0.029298 30.663096
140.000000 9.900000 0.000046 0.001015 0.001984 0.017645 0.000000 0.029300 30.662787
150.000000 9.900000 0.000037 0.000830 0.001778 0.017640 0.000000 0.029299 30.662831
