0.000000 10.000000 0.096998 1.000000 1.000000 0.048796 0.000000 0.064745 23.775862
10.000000 9.900000 0.009478 0.132386 0.116887 0.019327 0.000000 0.032112 29.866675
20.000000 9.900000 0.004928 0.077624 0.074279 0.015948 0.000000 0.025536 31.857002
30.000000 9.900000 0.003275 0.048631 0.040629 0.013757 0.000000 0.021894 33.193555
40.000000 9.900000 0.001991 0.032615 0.027207 0.012918 0.000000 0.020846 33.619538
50.000000 9.900000 0.001422 0.022571 0.017456 0.012242 0.000000 0.020231 33.879715
60.000000 9.900000 0.000973 0.016317 0.012492 0.011902 0.000000 0.019933 34.008479
70.000000 9.900000 0.000694 0.011826 0.009123 0.011683 0.000000 0.019768 34.080908
80.000000 9.900000 0.000521 0.008910 0.006830 0.011535 0.000000 0.019669 34.124359
90.000000 9.900000 0.000390 0.006868 0.005368 0.011448 0.000000 0.019630 34.141436
100.000000 9.900000 0.000300 0.005280 0.004300 0.011389 0.000000 0.019614 34.148841
110.000000 9.900000 0.000236 0.004238 0.003517 0.011348 0.000000 0.019603 34.153612
120.000000 9.900000 0.000187 0.003360 0.002946 0.011320 0.000000 0.019597 34.156046
130.000000 9.900000 0.000151 0.002740 0.002496 0.011299 0.000000 0.019595 34.157083
140.000000 9.900000 0.000123 0.002253 0.002152 0.011284 0.000000 0.019594 34.157628
150.000000 9.900000 0.000101 0.001880 0.001877 0.011273 0.000000 0.019594 34.157559
160.000000 9.900000 0.000084 0.001588 0.001650 0.011264 0.000000 0.019595 34.157202
170.000000 9.900000 0.000070 0.001326 0.001471 0.011257 0.000000 0.019596 34.156802
180.000000 9.900000 0.000059 0.001136 0.001320 0.011252 0.000000 0.019597 34.156362
190.000000 9.900000 0.000050 0.000973 0.001193 0.011247 0.000000 0.019598 34.155914
