0.000000 10.000000 0.099828 1.000000 1.000000 0.077532 0.000000 0.071233 22.946433
10.000000 9.900000 0.007727 0.085461 0.091944 0.038955 0.000000 0.037084 28.616337
20.000000 9.900000 0.003073 0.035403 0.038882 0.035234 0.000000 0.032601 29.735252
30.000000 9.900000 0.001375 0.016415 0.018906 0.034175 0.000000 0.031817 29.946690
40.000000 9.900000 0.000716 0.008629 0.010506 0.033776 0.000000 0.031639 29.995520
50.000000 9.900000 0.000403 0.004893 0.006597 0.033618 0.000000 0.031604 30.005212
60.000000 9.900000 0.000249 0.003034 0.004521 0.033543 0.000000 0.031604 30.005270
70.000000 9.900000 0.000158 0.001993 0.003329 0.033505 0.000000 0.031611 30.003254
80.000000 9.900000 0.000108 0.001388 0.002555 0.033481 0.000000 0.031617 30.001474
90.000000 9.900000 0.000075 0.000997 0.002048 0.033467 0.000000 0.031622 30.000148
