0.000000 10.000000 0.108138 1.000000 1.000000 0.049305 0.000000 0.091867 20.736817
10.000000 9.900000 0.007108 0.097042 0.074797 0.026649 0.000000 0.070726 23.008440
20.000000 9.900000 0.003885 0.053663 0.042180 0.022776 0.000000 0.064437 23.817318
30.000000 9.900000 0.002425 0.034314 0.028706 0.021333 0.000000 0.061961 24.157604
40.000000 9.900000 0.001606 0.022977 0.020462 0.020663 0.000000 0.060994 24.294305
50.000000 9.900000 0.001098 0.015815 0.014704 0.020296 0.000000 0.060651 24.343225
60.000000 9.900000 0.000768 0.011088 0.010731 0.020080 0.000000 0.060567 24.355322
70.000000 9.900000 0.000546 0.007819 0.008016 0.019951 0.000000 0.060590 24.351959
80.000000 9.900000 0.000397 0.005700 0.006110 0.019870 0.000000 0.060649 24.343470
90.000000 9.900000 0.000296 0.004251 0.004780 0.019818 0.000000 0.060714 24.334271
100.000000 9.900000 0.000224 0.003236 0.003834 0.019782 0.000000 0.060774 24.325709
110.000000 9.900000 0.000172 0.002490 0.003150 0.019759 0.000000 0.060827 24.318074
120.000000 9.900000 0.000134 0.001959 0.002637 0.019742 0.000000 0.060873 24.311467
130.000000 9.900000 0.000105 0.001564 0.002248 0.019729 0.000000 0.060914 24.305724
140.000000 9.900000 0.000084 0.001259 0.001945 0.019720 0.000000 0.060948 24.300795
150.000000 9.900000 0.000068 0.001041 0.001706 0.019713 0.000000 0.060977 24.296750
160.000000 9.900000 0.000055 0.000862 0.001512 0.019707 0.000000 0.060999 24.293486
