0.000000 10.000000 0.102928 1.000000 1.000000 0.056876 0.000000 0.072201 22.829102
10.000000 9.900000 0.004845 0.116274 0.088211 0.023582 0.000000 0.031329 30.081133
20.000000 9.900000 0.001743 0.047654 0.048016 0.020298 0.000000 0.024897 32.076937
30.000000 9.900000 0.000755 0.021834 0.025624 0.019305 0.000000 0.023713 32.500253
40.000000 9.900000 0.000373 0.011337 0.015024 0.018937 0.000000 0.023425 32.606406
50.000000 9.900000 0.000199 0.006773 0.010195 0.018801 0.000000 0.023378 32.623985
60.000000 9.900000 0.000116 0.004501 0.007648 0.018740 0.000000 0.023379 32.623307
70.000000 9.900000 0.000077 0.003246 0.006094 0.018704 0.000000 0.023381 32.622614
80.000000 9.900000 0.000055 0.002556 0.005040 0.018680 0.000000 0.023382 32.622474
90.000000 9.900000 0.000042 0.002093 0.004280 0.018662 0.000000 0.023382 32.622440
100.000000 9.900000 0.000034 0.001706 0.003694 0.018648 0.000000 0.023381 32.622623
110.000000 9.900000 0.000028 0.001478 0.003233 0.018637 0.000000 0.023380 32.622962
120.000000 9.900000 0.000024 0.001232 0.002860 0.018629 0.000000 0.023380 32.623293
130.000000 9.900000 0.000021 0.001085 0.002564 0.018622 0.000000 0.023379 32.623477
140.000000 9.900000 0.000018 0.000907 0.002315 0.018616 0.000000 0.023379 32.623603
