0.000000 10.000000 0.103427 1.000000 1.000000 0.021025 0.000000 0.094012 20.536311
10.000000 9.900000 0.003024 0.123384 0.064408 0.014107 0.000000 0.076621 22.313046
20.000000 9.900000 0.001868 0.064018 0.033987 0.011765 0.000000 0.068790 23.249459
30.000000 9.900000 0.001370 0.042941 0.023847 0.010515 0.000000 0.063679 23.920053
40.000000 9.900000 0.001053 0.032359 0.018947 0.009772 0.000000 0.060237 24.402779
50.000000 9.900000 0.000836 0.025827 0.015772 0.009271 0.000000 0.057873 24.750497
60.000000 9.900000 0.000670 0.020952 0.013602 0.008934 0.000000 0.056268 24.994742
70.000000 9.900000 0.000544 0.017370 0.011893 0.008693 0.000000 0.055181 25.164279
80.000000 9.900000 0.000445 0.014703 0.010481 0.008518 0.000000 0.054436 25.282311
90.000000 9.900000 0.000365 0.012438 0.009272 0.008398 0.000000 0.053923 25.364452
100.000000 9.900000 0.000301 0.010523 0.008231 0.008315 0.000000 0.053567 25.422051
110.000000 9.900000 0.000249 0.009036 0.007322 0.008253 0.000000 0.053318 25.462550
120.000000 9.900000 0.000208 0.007818 0.006521 0.008204 0.000000 0.053142 25.491229
130.000000 9.900000 0.000175 0.006620 0.005830 0.008166 0.000000 0.053018 25.511480
140.000000 9.900000 0.000147 0.005793 0.005233 0.008138 0.000000 0.052932 25.525713
150.000000 9.900000 0.000124 0.005009 0.004722 0.008116 0.000000 0.052871 25.535668
160.000000 9.900000 0.000105 0.004401 0.004273 0.008098 0.000000 0.052828 25.542642
170.000000 9.900000 0.000090 0.003918 0.003876 0.008083 0.000000 0.052798 25.547576
180.000000 9.900000 0.000078 0.003477 0.003523 0.008070 0.000000 0.052777 25.551134
190.000000 9.900000 0.000068 0.002996 0.003210 0.008059 0.000000 0.052761 25.553746
