0.000000 10.000000 0.096531 1.000000 1.000000 0.051744 0.000000 0.059134 24.563296
10.000000 9.900000 0.009022 0.130599 0.129944 0.020513 0.000000 0.025049 32.024226
20.000000 9.900000 0.004623 0.069359 0.062480 0.016417 0.000000 0.018778 34.526844
30.000000 9.900000 0.002483 0.040135 0.034400 0.014718 0.000000 0.016706 35.542466
40.000000 9.900000 0.001552 0.024757 0.019731 0.013782 0.000000 0.016050 35.890387
50.000000 9.900000 0.000948 0.016722 0.013110 0.013375 0.000000 0.015809 36.021793
60.000000 9.900000 0.000652 0.011359 0.008842 0.013131 0.000000 0.015708 36.077504
70.000000 9.900000 0.000444 0.008118 0.006518 0.013010 0.000000 0.015683 36.091635
80.000000 9.900000 0.000319 0.005902 0.004934 0.012934 0.000000 0.015678 36.093962
90.000000 9.900000 0.000235 0.004404 0.003886 0.012889 0.000000 0.015675 36.095797
100.000000 9.900000 0.000175 0.003363 0.003159 0.012858 0.000000 0.015671 36.097816
110.000000 9.900000 0.000135 0.002621 0.002613 0.012837 0.000000 0.015666 36.100657
120.000000 9.900000 0.000105 0.002077 0.002211 0.012823 0.000000 0.015663 36.102695
130.000000 9.900000 0.000083 0.001667 0.001901 0.012812 0.000000 0.015661 36.103862
140.000000 9.900000 0.000067 0.001375 0.001654 0.012805 0.000000 0.015660 36.104311
150.000000 9.900000 0.000054 0.001119 0.001456 0.012798 0.000000 0.015660 36.104330
160.000000 9.900000 0.000045 0.000948 0.001293 0.012793 0.000000 0.015659 36.104459
