0.000000 10.000000 0.096307 1.000000 1.000000 0.059744 0.000000 0.092905 20.639260
10.000000 9.900000 0.008775 0.098405 0.090427 0.029246 0.000000 0.068741 23.255706
20.000000 9.900000 0.004926 0.057503 0.054784 0.024730 0.000000 0.061488 24.224133
30.000000 9.900000 0.003206 0.037994 0.035663 0.022784 0.000000 0.058282 24.689336
40.000000 9.900000 0.002266 0.025674 0.023727 0.021639 0.000000 0.056752 24.920332
50.000000 9.900000 0.001549 0.018486 0.017798 0.021135 0.000000 0.056191 25.006713
60.000000 9.900000 0.001107 0.013406 0.013187 0.020801 0.000000 0.055955 25.043240
70.000000 9.900000 0.000868 0.009923 0.009507 0.020518 0.000000 0.055828 25.062997
80.000000 9.900000 0.000650 0.007651 0.007500 0.020379 0.000000 0.055802 25.067038
90.000000 9.900000 0.000487 0.005945 0.006011 0.020288 0.000000 0.055819 25.064338
100.000000 9.900000 0.000387 0.004574 0.004734 0.020209 0.000000 0.055846 25.060134
110.000000 9.900000 0.000316 0.003656 0.003787 0.020150 0.000000 0.055877 25.055411
120.000000 9.900000 0.000254 0.002987 0.003142 0.020114 0.000000 0.055908 25.050576
130.000000 9.900000 0.000204 0.002396 0.002660 0.020088 0.000000 0.055936 25.046244
140.000000 9.900000 0.000168 0.001960 0.002252 0.020067 0.000000 0.055958 25.042791
150.000000 9.900000 0.000143 0.001652 0.001912 0.020049 0.000000 0.055976 25.039963
160.000000 9.900000 0.000120 0.001383 0.001665 0.020037 0.000000 0.055992 25.037455
170.000000 9.900000 0.000100 0.001165 0.001463 0.020027 0.000000 0.056006 25.035273
180.000000 9.900000 0.000086 0.000994 0.001287 0.020019 0.000000 0.056018 25.033412
