0.000000 10.000000 0.095640 1.000000 1.000000 0.055538 0.000000 0.094898 20.454840
10.000000 9.900000 0.005709 0.107664 0.092396 0.024328 0.000000 0.065273 23.705295
20.000000 9.900000 0.003425 0.068211 0.056506 0.018969 0.000000 0.052123 25.659456
30.000000 9.900000 0.002289 0.047280 0.040226 0.016699 0.000000 0.044778 26.978724
40.000000 9.900000 0.001623 0.033732 0.029057 0.015470 0.000000 0.040728 27.802032
50.000000 9.900000 0.001162 0.024489 0.021780 0.014797 0.000000 0.038670 28.252626
60.000000 9.900000 0.000821 0.017994 0.016849 0.014432 0.000000 0.037682 28.477317
70.000000 9.900000 0.000595 0.013512 0.012911 0.014190 0.000000 0.037178 28.594266
80.000000 9.900000 0.000445 0.009937 0.009931 0.014017 0.000000 0.036890 28.661758
90.000000 9.900000 0.000337 0.007516 0.007838 0.013905 0.000000 0.036721 28.701806
100.000000 9.900000 0.000262 0.005731 0.006293 0.013816 0.000000 0.036619 28.725829
110.000000 9.900000 0.000208 0.004414 0.005140 0.013750 0.000000 0.036561 28.739535
120.000000 9.900000 0.000164 0.003529 0.004317 0.013709 0.000000 0.036526 28.747948
130.000000 9.900000 0.000134 0.002870 0.003657 0.013674 0.000000 0.036504 28.753092
140.000000 9.900000 0.000110 0.002299 0.003157 0.013647 0.000000 0.036494 28.755624
150.000000 9.900000 0.000090 0.001929 0.002793 0.013630 0.000000 0.036490 28.756546
160.000000 9.900000 0.000076 0.001598 0.002474 0.013614 0.000000 0.036489 28.756725
170.000000 9.900000 0.000065 0.001346 0.002229 0.013603 0.000000 0.036490 28.756503
180.000000 9.900000 0.000055 0.001150 0.002037 0.013596 0.000000 0.036492 28.756021
190.000000 9.900000 0.000048 0.001019 0.001860 0.013587 0.000000 0.036495 28.755427
