0.000000 10.000000 0.109922 1.000000 1.000000 0.052210 0.000000 0.077755 22.185478
10.000000 9.900000 0.007284 0.133043 0.066169 0.022526 0.000000 0.036712 28.703747
20.000000 9.900000 0.002845 0.066983 0.040754 0.018335 0.000000 0.029211 30.689049
30.000000 9.900000 0.001271 0.037780 0.027342 0.017532 0.000000 0.028288 30.967860
40.000000 9.900000 0.000665 0.022732 0.018143 0.017292 0.000000 0.028193 30.997203
50.000000 9.900000 0.000389 0.014060 0.012116 0.017159 0.000000 0.028172 31.003613
60.000000 9.900000 0.000238 0.009126 0.008404 0.017077 0.000000 0.028162 31.006595
70.000000 9.900000 0.000152 0.006244 0.006114 0.017026 0.000000 0.028156 31.008607
80.000000 9.900000 0.000102 0.004441 0.004646 0.016995 0.000000 0.028154 31.009090
90.000000 9.900000 0.000072 0.003337 0.003665 0.016975 0.000000 0.028155 31.008768
100.000000 9.900000 0.000053 0.002614 0.002974 0.016961 0.000000 0.028156 31.008451
110.000000 9.900000 0.000041 0.001990 0.002471 0.016951 0.000000 0.028156 31.008433
120.000000 9.900000 0.000032 0.001598 0.002087 0.016944 0.000000 0.028156 31.008592
130.000000 9.900000 0.000026 0.001340 0.001789 0.016939 0.000000 0.028155 31.008831
140.000000 9.900000 0.000022 0.001114 0.001552 0.016935 0.000000 0.028154 31.009061
150.000000 9.900000 0.000018 0.000915 0.001361 0.016932 0.000000 0.028154 31.009239
