0.000000 10.000000 0.109318 1.000000 1.000000 0.047961 0.000000 0.080865 21.844802
10.000000 9.900000 0.007253 0.129900 0.063302 0.022422 0.000000 0.043168 27.296733
20.000000 9.900000 0.003261 0.068207 0.039048 0.017839 0.000000 0.033609 29.470877
30.000000 9.900000 0.001597 0.041296 0.027892 0.016727 0.000000 0.031779 29.957321
40.000000 9.900000 0.000854 0.026519 0.019891 0.016413 0.000000 0.031556 30.018347
50.000000 9.900000 0.000501 0.017103 0.013986 0.016270 0.000000 0.031526 30.026724
60.000000 9.900000 0.000316 0.011358 0.009886 0.016179 0.000000 0.031510 30.031066
70.000000 9.900000 0.000207 0.007776 0.007176 0.016120 0.000000 0.031495 30.035035
80.000000 9.900000 0.000139 0.005621 0.005391 0.016083 0.000000 0.031485 30.037922
90.000000 9.900000 0.000097 0.004081 0.004184 0.016058 0.000000 0.031478 30.039938
100.000000 9.900000 0.000070 0.003099 0.003351 0.016041 0.000000 0.031474 30.041060
110.000000 9.900000 0.000053 0.002450 0.002755 0.016029 0.000000 0.031472 30.041620
120.000000 9.900000 0.000041 0.001958 0.002312 0.016021 0.000000 0.031471 30.041925
130.000000 9.900000 0.000032 0.001613 0.001974 0.016015 0.000000 0.031470 30.042092
140.000000 9.900000 0.000026 0.001328 0.001706 0.016010 0.000000 0.031470 30.042098
150.000000 9.900000 0.000022 0.001114 0.001491 0.016007 0.000000 0.031470 30.042076
160.000000 9.900000 0.000018 0.000932 0.001315 0.016004 0.000000 0.031470 30.042076
