0.000000 10.000000 0.127139 1.000000 1.000000 0.058279 0.000000 0.093245 20.607478
10.000000 9.900000 0.007911 0.127675 0.084143 0.025363 0.000000 0.054312 25.302020
20.000000 9.900000 0.004118 0.079688 0.050064 0.019834 0.000000 0.040417 27.868755
30.000000 9.900000 0.002265 0.047720 0.033745 0.017966 0.000000 0.035012 29.115689
40.000000 9.900000 0.001310 0.029641 0.022869 0.017164 0.000000 0.032898 29.656500
50.000000 9.900000 0.000810 0.018746 0.015589 0.016747 0.000000 0.031938 29.913885
60.000000 9.900000 0.000510 0.012315 0.010888 0.016519 0.000000 0.031437 30.051064
70.000000 9.900000 0.000330 0.008082 0.007833 0.016388 0.000000 0.031167 30.126070
80.000000 9.900000 0.000223 0.005539 0.005856 0.016314 0.000000 0.031020 30.167166
90.000000 9.900000 0.000153 0.003965 0.004569 0.016268 0.000000 0.030939 30.189773
100.000000 9.900000 0.000108 0.002975 0.003681 0.016240 0.000000 0.030895 30.202233
110.000000 9.900000 0.000078 0.002251 0.003058 0.016222 0.000000 0.030872 30.208600
120.000000 9.900000 0.000058 0.001739 0.002600 0.016211 0.000000 0.030863 30.211192
130.000000 9.900000 0.000045 0.001404 0.002250 0.016202 0.000000 0.030862 30.211621
140.000000 9.900000 0.000037 0.001151 0.001978 0.016196 0.000000 0.030864 30.210830
150.000000 9.900000 0.000030 0.001005 0.001758 0.016192 0.000000 0.030869 30.209525
160.000000 9.900000 0.000025 0.000831 0.001580 0.016188 0.000000 0.030874 30.208167
