0.000000 10.000000 0.098594 1.000000 1.000000 0.066671 0.000000 0.068742 23.255589
10.000000 9.900000 0.005570 0.112737 0.105121 0.026115 0.000000 0.026388 31.571826
20.000000 9.900000 0.002286 0.044965 0.053292 0.022170 0.000000 0.020076 33.946496
30.000000 9.900000 0.001073 0.021442 0.026880 0.020825 0.000000 0.018925 34.459171
40.000000 9.900000 0.000574 0.011873 0.015238 0.020299 0.000000 0.018638 34.592099
50.000000 9.900000 0.000318 0.006766 0.010010 0.020066 0.000000 0.018581 34.618745
60.000000 9.900000 0.000195 0.004338 0.007224 0.019942 0.000000 0.018564 34.626514
70.000000 9.900000 0.000127 0.002951 0.005613 0.019878 0.000000 0.018562 34.627394
80.000000 9.900000 0.000084 0.002143 0.004601 0.019838 0.000000 0.018559 34.628984
90.000000 9.900000 0.000058 0.001648 0.003891 0.019814 0.000000 0.018556 34.630336
100.000000 9.900000 0.000044 0.001333 0.003359 0.019796 0.000000 0.018555 34.630889
110.000000 9.900000 0.000035 0.001104 0.002947 0.019783 0.000000 0.018554 34.631229
120.000000 9.900000 0.000028 0.000939 0.002620 0.019773 0.000000 0.018554 34.631425
