0.000000 10.000000 0.111449 1.000000 1.000000 0.076391 0.000000 0.081353 21.792553
10.000000 9.900000 0.008786 0.129445 0.102118 0.029374 0.000000 0.030358 30.354622
20.000000 9.900000 0.003450 0.053324 0.053866 0.024417 0.000000 0.021893 33.193844
30.000000 9.900000 0.001577 0.024924 0.026956 0.022821 0.000000 0.020453 33.785048
40.000000 9.900000 0.000800 0.013394 0.014694 0.022195 0.000000 0.020082 33.943741
50.000000 9.900000 0.000428 0.007569 0.009211 0.021956 0.000000 0.020005 33.977275
60.000000 9.900000 0.000250 0.004640 0.006431 0.021848 0.000000 0.019986 33.985349
70.000000 9.900000 0.000154 0.003039 0.004855 0.021797 0.000000 0.019987 33.984938
80.000000 9.900000 0.000100 0.002172 0.003862 0.021768 0.000000 0.019992 33.983091
90.000000 9.900000 0.000071 0.001639 0.003173 0.021749 0.000000 0.019992 33.982771
100.000000 9.900000 0.000052 0.001218 0.002678 0.021736 0.000000 0.019991 33.983429
110.000000 9.900000 0.000040 0.000995 0.002302 0.021726 0.000000 0.019989 33.984098
