0.000000 10.000000 0.106524 1.000000 1.000000 0.024537 0.000000 0.099316 20.059573
10.000000 9.900000 0.004539 0.119548 0.064198 0.017317 0.000000 0.086075 21.302445
20.000000 9.900000 0.002758 0.057526 0.032136 0.014935 0.000000 0.080931 21.837680
30.000000 9.900000 0.001973 0.036554 0.021734 0.013768 0.000000 0.078003 22.157794
40.000000 9.900000 0.001516 0.025950 0.016502 0.013075 0.000000 0.076153 22.366225
50.000000 9.900000 0.001196 0.020107 0.013564 0.012659 0.000000 0.074954 22.504101
60.000000 9.900000 0.000959 0.016156 0.011666 0.012406 0.000000 0.074184 22.593851
70.000000 9.900000 0.000781 0.013326 0.010105 0.012238 0.000000 0.073697 22.651032
80.000000 9.900000 0.000641 0.010978 0.008732 0.012116 0.000000 0.073392 22.687060
90.000000 9.900000 0.000532 0.009249 0.007545 0.012024 0.000000 0.073204 22.709315
100.000000 9.900000 0.000446 0.007689 0.006540 0.011954 0.000000 0.073094 22.722406
110.000000 9.900000 0.000377 0.006525 0.005695 0.011901 0.000000 0.073034 22.729445
120.000000 9.900000 0.000320 0.005469 0.004985 0.011860 0.000000 0.073008 22.732540
130.000000 9.900000 0.000273 0.004646 0.004383 0.011828 0.000000 0.073004 22.733076
140.000000 9.900000 0.000234 0.003952 0.003874 0.011803 0.000000 0.073014 22.731914
150.000000 9.900000 0.000202 0.003429 0.003435 0.011783 0.000000 0.073032 22.729756
160.000000 9.900000 0.000174 0.002968 0.003057 0.011766 0.000000 0.073055 22.727029
170.000000 9.900000 0.000150 0.002633 0.002729 0.011753 0.000000 0.073080 22.723982
180.000000 9.900000 0.000130 0.002241 0.002444 0.011742 0.000000 0.073108 22.720701
190.000000 9.900000 0.000113 0.001963 0.002195 0.011733 0.000000 0.073136 22.717384
