0.000000 10.000000 0.106786 1.000000 1.000000 0.063170 0.000000 0.107732 19.353087
10.000000 9.900000 0.008920 0.109353 0.092219 0.027831 0.000000 0.072321 22.814736
20.000000 9.900000 0.005488 0.080205 0.058057 0.020896 0.000000 0.054679 25.243655
30.000000 9.900000 0.003715 0.059807 0.041617 0.017820 0.000000 0.044406 27.051232
40.000000 9.900000 0.002576 0.043454 0.030918 0.016267 0.000000 0.038875 28.206689
50.000000 9.900000 0.001777 0.031207 0.023231 0.015452 0.000000 0.036220 28.821119
60.000000 9.900000 0.001233 0.022390 0.017404 0.014985 0.000000 0.034903 29.142666
70.000000 9.900000 0.000880 0.016151 0.012982 0.014673 0.000000 0.034181 29.324185
80.000000 9.900000 0.000635 0.011772 0.009888 0.014478 0.000000 0.033770 29.429315
90.000000 9.900000 0.000475 0.008564 0.007577 0.014338 0.000000 0.033526 29.492373
100.000000 9.900000 0.000366 0.006510 0.005894 0.014240 0.000000 0.033377 29.531071
110.000000 9.900000 0.000285 0.005097 0.004709 0.014174 0.000000 0.033291 29.553402
120.000000 9.900000 0.000220 0.003941 0.003866 0.014129 0.000000 0.033240 29.566670
130.000000 9.900000 0.000172 0.003103 0.003207 0.014095 0.000000 0.033210 29.574531
140.000000 9.900000 0.000138 0.002489 0.002700 0.014071 0.000000 0.033195 29.578472
150.000000 9.900000 0.000112 0.002030 0.002319 0.014053 0.000000 0.033190 29.579740
160.000000 9.900000 0.000091 0.001659 0.002018 0.014040 0.000000 0.033192 29.579232
170.000000 9.900000 0.000075 0.001385 0.001781 0.014031 0.000000 0.033198 29.577698
180.000000 9.900000 0.000062 0.001153 0.001590 0.014023 0.000000 0.033206 29.575649
190.000000 9.900000 0.000052 0.000965 0.001432 0.014017 0.000000 0.033214 29.573551
