0.000000 10.000000 0.103102 1.000000 1.000000 0.053735 0.000000 0.077282 22.238484
10.000000 9.900000 0.005000 0.118421 0.084732 0.023137 0.000000 0.039142 28.147237
20.000000 9.900000 0.002174 0.057320 0.049656 0.019290 0.000000 0.030041 30.445669
30.000000 9.900000 0.000992 0.029131 0.030033 0.018163 0.000000 0.027993 31.059028
40.000000 9.900000 0.000514 0.015655 0.018227 0.017677 0.000000 0.027379 31.251724
50.000000 9.900000 0.000287 0.009130 0.011919 0.017457 0.000000 0.027194 31.310417
60.000000 9.900000 0.000171 0.005891 0.008543 0.017356 0.000000 0.027151 31.324339
70.000000 9.900000 0.000108 0.004091 0.006580 0.017306 0.000000 0.027149 31.324945
80.000000 9.900000 0.000074 0.003092 0.005330 0.017276 0.000000 0.027151 31.324161
90.000000 9.900000 0.000054 0.002371 0.004459 0.017255 0.000000 0.027152 31.323929
100.000000 9.900000 0.000041 0.001979 0.003809 0.017239 0.000000 0.027153 31.323773
110.000000 9.900000 0.000033 0.001640 0.003318 0.017227 0.000000 0.027153 31.323718
120.000000 9.900000 0.000028 0.001385 0.002927 0.017217 0.000000 0.027153 31.323770
130.000000 9.900000 0.000023 0.001226 0.002610 0.017210 0.000000 0.027153 31.323776
140.000000 9.900000 0.000020 0.001049 0.002352 0.017203 0.000000 0.027153 31.323715
150.000000 9.900000 0.000018 0.000895 0.002136 0.017198 0.000000 0.027153 31.323685
