0.000000 10.000000 0.099567 1.000000 1.000000 0.068595 0.000000 0.086482 21.261453
10.000000 9.900000 0.008716 0.094470 0.090346 0.033575 0.000000 0.057042 24.876063
20.000000 9.900000 0.004401 0.050832 0.050635 0.029189 0.000000 0.049884 26.040743
30.000000 9.900000 0.002559 0.029535 0.029179 0.027401 0.000000 0.047461 26.473221
40.000000 9.900000 0.001499 0.017860 0.018543 0.026700 0.000000 0.046753 26.603800
50.000000 9.900000 0.000971 0.011469 0.012007 0.026282 0.000000 0.046537 26.644107
60.000000 9.900000 0.000651 0.007574 0.008275 0.026066 0.000000 0.046507 26.649681
70.000000 9.900000 0.000437 0.005206 0.006044 0.025953 0.000000 0.046537 26.643978
80.000000 9.900000 0.000315 0.003675 0.004489 0.025876 0.000000 0.046572 26.637552
90.000000 9.900000 0.000233 0.002692 0.003464 0.025828 0.000000 0.046605 26.631265
100.000000 9.900000 0.000171 0.002013 0.002776 0.025797 0.000000 0.046635 26.625780
110.000000 9.900000 0.000129 0.001518 0.002267 0.025776 0.000000 0.046657 26.621675
120.000000 9.900000 0.000102 0.001193 0.001886 0.025761 0.000000 0.046673 26.618692
130.000000 9.900000 0.000080 0.000942 0.001607 0.025750 0.000000 0.046686 26.616358
