0.000000 10.000000 0.103725 1.000000 1.000000 0.031575 0.000000 0.092144 20.710653
10.000000 9.900000 0.003950 0.116401 0.074900 0.017257 0.000000 0.074540 22.552166
20.000000 9.900000 0.002470 0.070877 0.042596 0.013780 0.000000 0.065974 23.612603
30.000000 9.900000 0.001756 0.051083 0.030860 0.012175 0.000000 0.060543 24.358746
40.000000 9.900000 0.001326 0.038959 0.024147 0.011252 0.000000 0.057037 24.876933
50.000000 9.900000 0.001017 0.030705 0.019875 0.010706 0.000000 0.054787 25.226488
60.000000 9.900000 0.000787 0.024451 0.016675 0.010357 0.000000 0.053363 25.455234
70.000000 9.900000 0.000617 0.019707 0.014117 0.010123 0.000000 0.052468 25.602138
80.000000 9.900000 0.000487 0.016197 0.012019 0.009968 0.000000 0.051898 25.697019
90.000000 9.900000 0.000388 0.013301 0.010316 0.009863 0.000000 0.051528 25.759145
100.000000 9.900000 0.000310 0.010742 0.008870 0.009791 0.000000 0.051277 25.801477
110.000000 9.900000 0.000250 0.009025 0.007617 0.009736 0.000000 0.051106 25.830507
120.000000 9.900000 0.000204 0.007526 0.006532 0.009692 0.000000 0.050984 25.851237
130.000000 9.900000 0.000167 0.006231 0.005634 0.009656 0.000000 0.050896 25.866288
140.000000 9.900000 0.000138 0.005295 0.004881 0.009627 0.000000 0.050831 25.877386
150.000000 9.900000 0.000115 0.004460 0.004254 0.009603 0.000000 0.050784 25.885499
160.000000 9.900000 0.000097 0.003732 0.003734 0.009584 0.000000 0.050750 25.891310
170.000000 9.900000 0.000081 0.003162 0.003309 0.009568 0.000000 0.050727 25.895256
180.000000 9.900000 0.000069 0.002807 0.002948 0.009555 0.000000 0.050712 25.897868
190.000000 9.900000 0.000058 0.002418 0.002643 0.009545 0.000000 0.050700 25.899757
