0.000000 10.000000 0.103944 1.000000 1.000000 0.064925 0.000000 0.067568 23.405151
10.000000 9.900000 0.005222 0.108466 0.096683 0.026217 0.000000 0.028015 31.052149
20.000000 9.900000 0.002024 0.042578 0.049124 0.022746 0.000000 0.022437 32.980790
30.000000 9.900000 0.000927 0.019617 0.024856 0.021527 0.000000 0.021374 33.402442
40.000000 9.900000 0.000472 0.010596 0.014376 0.021087 0.000000 0.021136 33.499567
50.000000 9.900000 0.000252 0.006157 0.009660 0.020908 0.000000 0.021091 33.517927
60.000000 9.900000 0.000151 0.003976 0.007125 0.020815 0.000000 0.021081 33.522170
70.000000 9.900000 0.000094 0.002808 0.005650 0.020769 0.000000 0.021078 33.523260
80.000000 9.900000 0.000063 0.002089 0.004664 0.020741 0.000000 0.021077 33.523959
90.000000 9.900000 0.000046 0.001674 0.003980 0.020723 0.000000 0.021076 33.524268
100.000000 9.900000 0.000036 0.001348 0.003473 0.020710 0.000000 0.021075 33.524618
110.000000 9.900000 0.000029 0.001121 0.003073 0.020700 0.000000 0.021074 33.524872
120.000000 9.900000 0.000025 0.000954 0.002750 0.020692 0.000000 0.021075 33.524846
