0.000000 10.000000 0.100299 1.000000 1.000000 0.076891 0.000000 0.065805 23.634783
10.000000 9.900000 0.009629 0.140161 0.131975 0.027851 0.000000 0.020966 33.569725
20.000000 9.900000 0.004237 0.057032 0.052656 0.022530 0.000000 0.015897 35.973860
30.000000 9.900000 0.001932 0.030146 0.026023 0.020823 0.000000 0.014613 36.705360
40.000000 9.900000 0.001034 0.016716 0.014296 0.020131 0.000000 0.014241 36.929466
50.000000 9.900000 0.000580 0.009817 0.009038 0.019862 0.000000 0.014154 36.982238
60.000000 9.900000 0.000354 0.006200 0.006258 0.019736 0.000000 0.014128 36.998216
70.000000 9.900000 0.000224 0.004159 0.004637 0.019675 0.000000 0.014119 37.003880
80.000000 9.900000 0.000151 0.002880 0.003615 0.019639 0.000000 0.014112 37.007936
90.000000 9.900000 0.000105 0.002144 0.002918 0.019617 0.000000 0.014109 37.010121
100.000000 9.900000 0.000077 0.001610 0.002425 0.019603 0.000000 0.014107 37.011006
110.000000 9.900000 0.000058 0.001251 0.002057 0.019592 0.000000 0.014107 37.011510
120.000000 9.900000 0.000045 0.000992 0.001776 0.019584 0.000000 0.014106 37.011953
