0.000000 10.000000 0.114093 1.000000 1.000000 0.027518 0.000000 0.063888 23.891661
10.000000 9.900000 0.005292 0.133963 0.068097 0.014709 0.000000 0.039484 28.071544
20.000000 9.900000 0.002784 0.073080 0.037701 0.011541 0.000000 0.032008 29.894965
30.000000 9.900000 0.001605 0.047390 0.027674 0.010397 0.000000 0.029613 30.570445
40.000000 9.900000 0.000985 0.033971 0.021608 0.009946 0.000000 0.028873 30.790235
50.000000 9.900000 0.000629 0.025276 0.016954 0.009739 0.000000 0.028616 30.867847
60.000000 9.900000 0.000424 0.018821 0.013235 0.009617 0.000000 0.028502 30.902483
70.000000 9.900000 0.000295 0.014340 0.010354 0.009532 0.000000 0.028445 30.919962
80.000000 9.900000 0.000213 0.010925 0.008130 0.009468 0.000000 0.028414 30.929312
90.000000 9.900000 0.000158 0.008506 0.006443 0.009419 0.000000 0.028396 30.934881
100.000000 9.900000 0.000121 0.006664 0.005186 0.009383 0.000000 0.028385 30.938350
110.000000 9.900000 0.000093 0.005269 0.004260 0.009357 0.000000 0.028377 30.940774
120.000000 9.900000 0.000073 0.004298 0.003560 0.009338 0.000000 0.028370 30.942672
130.000000 9.900000 0.000058 0.003495 0.003025 0.009324 0.000000 0.028366 30.944148
140.000000 9.900000 0.000047 0.002927 0.002608 0.009313 0.000000 0.028362 30.945261
150.000000 9.900000 0.000039 0.002500 0.002269 0.009305 0.000000 0.028359 30.946094
160.000000 9.900000 0.000033 0.002099 0.001998 0.009298 0.000000 0.028357 30.946685
170.000000 9.900000 0.000027 0.001797 0.001775 0.009293 0.000000 0.028356 30.947107
180.000000 9.900000 0.000024 0.001579 0.001586 0.009289 0.000000 0.028355 30.947426
190.000000 9.900000 0.000020 0.001408 0.001428 0.009285 0.000000 0.028354 30.947672
