0.000000 10.000000 0.114162 1.000000 1.000000 0.031083 0.000000 0.061459 24.228265
10.000000 9.900000 0.005515 0.132602 0.068370 0.015137 0.000000 0.033339 29.540833
20.000000 9.900000 0.002540 0.070263 0.039527 0.011981 0.000000 0.026882 31.410684
30.000000 9.900000 0.001275 0.044353 0.028776 0.011165 0.000000 0.025571 31.845083
40.000000 9.900000 0.000726 0.030234 0.021124 0.010875 0.000000 0.025233 31.960710
50.000000 9.900000 0.000455 0.021325 0.015189 0.010689 0.000000 0.025074 32.015698
60.000000 9.900000 0.000298 0.014852 0.011071 0.010566 0.000000 0.024993 32.043671
70.000000 9.900000 0.000202 0.010769 0.008276 0.010485 0.000000 0.024957 32.056195
80.000000 9.900000 0.000142 0.008067 0.006370 0.010432 0.000000 0.024942 32.061536
90.000000 9.900000 0.000103 0.006083 0.005058 0.010395 0.000000 0.024933 32.064362
100.000000 9.900000 0.000078 0.004723 0.004129 0.010370 0.000000 0.024929 32.065833
110.000000 9.900000 0.000061 0.003803 0.003442 0.010353 0.000000 0.024927 32.066634
120.000000 9.900000 0.000049 0.003086 0.002923 0.010340 0.000000 0.024925 32.067138
130.000000 9.900000 0.000040 0.002575 0.002520 0.010330 0.000000 0.024925 32.067427
140.000000 9.900000 0.000033 0.002177 0.002196 0.010323 0.000000 0.024924 32.067562
150.000000 9.900000 0.000028 0.001861 0.001930 0.010317 0.000000 0.024924 32.067661
160.000000 9.900000 0.000024 0.001562 0.001711 0.010312 0.000000 0.024924 32.067785
170.000000 9.900000 0.000021 0.001349 0.001527 0.010308 0.000000 0.024923 32.067941
180.000000 9.900000 0.000018 0.001215 0.001373 0.010305 0.000000 0.024923 32.068069
190.000000 9.900000 0.000016 0.001043 0.001241 0.010302 0.000000 0.024922 32.068169
