0.000000 10.000000 0.107874 1.000000 1.000000 0.047495 0.000000 0.088961 21.015979
10.000000 9.900000 0.006299 0.092805 0.064018 0.026935 0.000000 0.059268 24.543521
20.000000 9.900000 0.002966 0.044183 0.035617 0.023736 0.000000 0.052227 25.642037
30.000000 9.900000 0.001558 0.025655 0.023643 0.022875 0.000000 0.050318 25.965597
40.000000 9.900000 0.000867 0.015727 0.016096 0.022556 0.000000 0.049764 26.061664
50.000000 9.900000 0.000507 0.009961 0.011116 0.022398 0.000000 0.049582 26.093567
60.000000 9.900000 0.000309 0.006489 0.007865 0.022309 0.000000 0.049516 26.105153
70.000000 9.900000 0.000196 0.004370 0.005756 0.022256 0.000000 0.049490 26.109669
80.000000 9.900000 0.000129 0.003115 0.004360 0.022222 0.000000 0.049479 26.111508
90.000000 9.900000 0.000088 0.002259 0.003413 0.022201 0.000000 0.049473 26.112599
100.000000 9.900000 0.000062 0.001722 0.002747 0.022186 0.000000 0.049469 26.113258
110.000000 9.900000 0.000046 0.001364 0.002263 0.022176 0.000000 0.049467 26.113612
120.000000 9.900000 0.000035 0.001075 0.001901 0.022168 0.000000 0.049466 26.113864
130.000000 9.900000 0.000028 0.000840 0.001627 0.022163 0.000000 0.049465 26.114036
