0.000000 10.000000 0.099721 1.000000 1.000000 0.061870 0.000000 0.087120 21.197621
10.000000 9.900000 0.011021 0.153235 0.099310 0.024946 0.000000 0.049469 26.113383
20.000000 9.900000 0.006031 0.091895 0.065039 0.019281 0.000000 0.037427 28.536333
30.000000 9.900000 0.003659 0.059073 0.045238 0.017215 0.000000 0.033740 29.437187
40.000000 9.900000 0.002462 0.039463 0.030747 0.016072 0.000000 0.031997 29.897899
50.000000 9.900000 0.001742 0.027478 0.021136 0.015360 0.000000 0.031016 30.168163
60.000000 9.900000 0.001214 0.019631 0.015352 0.014958 0.000000 0.030548 30.300259
70.000000 9.900000 0.000893 0.014299 0.011244 0.014675 0.000000 0.030284 30.375630
80.000000 9.900000 0.000667 0.010726 0.008508 0.014502 0.000000 0.030137 30.417933
90.000000 9.900000 0.000505 0.008162 0.006592 0.014384 0.000000 0.030058 30.440939
100.000000 9.900000 0.000391 0.006335 0.005212 0.014301 0.000000 0.030018 30.452237
110.000000 9.900000 0.000305 0.004947 0.004225 0.014245 0.000000 0.030005 30.456117
120.000000 9.900000 0.000239 0.003913 0.003490 0.014205 0.000000 0.030005 30.456200
130.000000 9.900000 0.000191 0.003154 0.002924 0.014176 0.000000 0.030007 30.455553
140.000000 9.900000 0.000155 0.002576 0.002485 0.014155 0.000000 0.030008 30.455213
150.000000 9.900000 0.000126 0.002094 0.002154 0.014139 0.000000 0.030008 30.455228
160.000000 9.900000 0.000103 0.001735 0.001889 0.014127 0.000000 0.030007 30.455474
170.000000 9.900000 0.000084 0.001445 0.001673 0.014118 0.000000 0.030007 30.455474
180.000000 9.900000 0.000070 0.001224 0.001495 0.014111 0.000000 0.030008 30.455223
190.000000 9.900000 0.000059 0.001037 0.001347 0.014105 0.000000 0.030009 30.454980
