0.000000 10.000000 0.109088 1.000000 1.000000 0.063468 0.000000 0.081462 21.780920
10.000000 9.900000 0.007281 0.090916 0.078844 0.032487 0.000000 0.051149 25.823222
20.000000 9.900000 0.003140 0.043484 0.041780 0.029260 0.000000 0.045449 26.849455
30.000000 9.900000 0.001529 0.022325 0.022913 0.028230 0.000000 0.044026 27.125745
40.000000 9.900000 0.000797 0.011717 0.013414 0.027827 0.000000 0.043675 27.195274
50.000000 9.900000 0.000445 0.006824 0.008563 0.027651 0.000000 0.043593 27.211682
60.000000 9.900000 0.000265 0.004137 0.005922 0.027565 0.000000 0.043579 27.214418
70.000000 9.900000 0.000166 0.002656 0.004398 0.027521 0.000000 0.043587 27.212885
80.000000 9.900000 0.000110 0.001863 0.003434 0.027495 0.000000 0.043598 27.210648
90.000000 9.900000 0.000077 0.001328 0.002796 0.027478 0.000000 0.043606 27.209044
100.000000 9.900000 0.000056 0.001009 0.002341 0.027466 0.000000 0.043611 27.208011
110.000000 9.900000 0.000043 0.000803 0.002001 0.027458 0.000000 0.043614 27.207415
