0.000000 10.000000 0.096359 1.000000 1.000000 0.047281 0.000000 0.093747 20.560829
10.000000 9.900000 0.009891 0.146131 0.094783 0.021854 0.000000 0.068939 23.230667
20.000000 9.900000 0.006139 0.095814 0.059600 0.016498 0.000000 0.057986 24.733496
30.000000 9.900000 0.004276 0.068031 0.044497 0.014267 0.000000 0.052522 25.593118
40.000000 9.900000 0.003141 0.051726 0.034898 0.013089 0.000000 0.049742 26.065583
50.000000 9.900000 0.002417 0.040634 0.027292 0.012320 0.000000 0.048251 26.329930
60.000000 9.900000 0.001900 0.031872 0.021638 0.011812 0.000000 0.047371 26.489774
70.000000 9.900000 0.001504 0.025375 0.017516 0.011467 0.000000 0.046837 26.588212
80.000000 9.900000 0.001227 0.020568 0.014134 0.011187 0.000000 0.046502 26.650530
90.000000 9.900000 0.001006 0.016840 0.011607 0.010991 0.000000 0.046295 26.689327
100.000000 9.900000 0.000832 0.013704 0.009638 0.010837 0.000000 0.046167 26.713369
110.000000 9.900000 0.000690 0.011411 0.008102 0.010723 0.000000 0.046085 26.728828
120.000000 9.900000 0.000582 0.009681 0.006819 0.010630 0.000000 0.046030 26.739152
130.000000 9.900000 0.000492 0.008165 0.005803 0.010558 0.000000 0.045997 26.745468
140.000000 9.900000 0.000418 0.006923 0.004972 0.010500 0.000000 0.045974 26.749753
150.000000 9.900000 0.000359 0.005962 0.004281 0.010453 0.000000 0.045955 26.753391
160.000000 9.900000 0.000310 0.005066 0.003707 0.010415 0.000000 0.045936 26.756944
170.000000 9.900000 0.000269 0.004410 0.003239 0.010383 0.000000 0.045917 26.760467
180.000000 9.900000 0.000233 0.003838 0.002852 0.010358 0.000000 0.045900 26.763758
190.000000 9.900000 0.000204 0.003348 0.002522 0.010337 0.000000 0.045885 26.766579
