0.000000 10.000000 0.099803 1.000000 1.000000 0.058412 0.000000 0.068997 23.223336
10.000000 9.900000 0.007443 0.131509 0.099377 0.025067 0.000000 0.031006 30.171176
20.000000 9.900000 0.003128 0.061595 0.050477 0.021519 0.000000 0.024412 32.247903
30.000000 9.900000 0.001556 0.030831 0.026128 0.020159 0.000000 0.022772 32.851929
40.000000 9.900000 0.000843 0.016889 0.014889 0.019580 0.000000 0.022276 33.043181
50.000000 9.900000 0.000488 0.009946 0.009431 0.019324 0.000000 0.022129 33.100776
60.000000 9.900000 0.000300 0.006233 0.006497 0.019198 0.000000 0.022090 33.115945
70.000000 9.900000 0.000193 0.004112 0.004800 0.019133 0.000000 0.022088 33.116814
80.000000 9.900000 0.000129 0.002830 0.003745 0.019097 0.000000 0.022093 33.114907
90.000000 9.900000 0.000091 0.002100 0.003023 0.019074 0.000000 0.022096 33.113807
100.000000 9.900000 0.000066 0.001597 0.002509 0.019058 0.000000 0.022097 33.113157
110.000000 9.900000 0.000049 0.001210 0.002137 0.019046 0.000000 0.022098 33.112850
120.000000 9.900000 0.000039 0.001006 0.001846 0.019038 0.000000 0.022098 33.112887
130.000000 9.900000 0.000031 0.000808 0.001618 0.019031 0.000000 0.022098 33.112899
