0.000000 10.000000 0.100408 1.000000 1.000000 0.046427 0.000000 0.062831 24.036556
10.000000 9.900000 0.009062 0.138749 0.111244 0.018416 0.000000 0.030685 30.261599
20.000000 9.900000 0.004543 0.078763 0.073085 0.015241 0.000000 0.024702 32.145391
30.000000 9.900000 0.003066 0.048807 0.039885 0.013142 0.000000 0.021287 33.437692
40.000000 9.900000 0.001789 0.031939 0.026269 0.012352 0.000000 0.020429 33.795049
50.000000 9.900000 0.001263 0.021475 0.016662 0.011739 0.000000 0.019969 33.992941
60.000000 9.900000 0.000852 0.015427 0.011837 0.011442 0.000000 0.019775 34.077464
70.000000 9.900000 0.000595 0.011007 0.008654 0.011258 0.000000 0.019701 34.110052
80.000000 9.900000 0.000444 0.008221 0.006487 0.011132 0.000000 0.019648 34.133504
90.000000 9.900000 0.000323 0.006230 0.005131 0.011062 0.000000 0.019621 34.145540
100.000000 9.900000 0.000245 0.004737 0.004123 0.011009 0.000000 0.019605 34.152826
110.000000 9.900000 0.000190 0.003723 0.003398 0.010973 0.000000 0.019598 34.155963
120.000000 9.900000 0.000148 0.002965 0.002874 0.010949 0.000000 0.019596 34.156476
130.000000 9.900000 0.000117 0.002397 0.002467 0.010931 0.000000 0.019595 34.156944
140.000000 9.900000 0.000095 0.001960 0.002142 0.010917 0.000000 0.019593 34.157907
150.000000 9.900000 0.000077 0.001617 0.001887 0.010907 0.000000 0.019591 34.158725
160.000000 9.900000 0.000063 0.001353 0.001680 0.010899 0.000000 0.019590 34.159301
170.000000 9.900000 0.000053 0.001164 0.001502 0.010892 0.000000 0.019589 34.159756
180.000000 9.900000 0.000044 0.000989 0.001358 0.010886 0.000000 0.019588 34.160007
