0.000000 10.000000 0.096881 1.000000 1.000000 0.061782 0.000000 0.068217 23.322097
10.000000 9.900000 0.007959 0.131271 0.105744 0.025734 0.000000 0.029207 30.690346
20.000000 9.900000 0.003464 0.061349 0.053400 0.021866 0.000000 0.023005 32.763678
30.000000 9.900000 0.001796 0.032499 0.027230 0.020252 0.000000 0.021356 33.409762
40.000000 9.900000 0.000989 0.018697 0.015674 0.019587 0.000000 0.020948 33.577350
50.000000 9.900000 0.000603 0.011373 0.009811 0.019275 0.000000 0.020800 33.638568
60.000000 9.900000 0.000376 0.007335 0.006744 0.019127 0.000000 0.020736 33.665670
70.000000 9.900000 0.000252 0.004929 0.004878 0.019043 0.000000 0.020705 33.678640
80.000000 9.900000 0.000173 0.003453 0.003723 0.018997 0.000000 0.020694 33.683251
90.000000 9.900000 0.000122 0.002498 0.002956 0.018968 0.000000 0.020692 33.684028
100.000000 9.900000 0.000089 0.001874 0.002412 0.018948 0.000000 0.020692 33.683839
110.000000 9.900000 0.000067 0.001435 0.002021 0.018935 0.000000 0.020692 33.684095
120.000000 9.900000 0.000051 0.001128 0.001726 0.018926 0.000000 0.020690 33.684622
130.000000 9.900000 0.000040 0.000899 0.001490 0.018918 0.000000 0.020689 33.685026
