0.000000 10.000000 0.114229 1.000000 1.000000 0.033832 0.000000 0.059099 24.568360
10.000000 9.900000 0.005523 0.131726 0.069875 0.015332 0.000000 0.028701 30.842090
20.000000 9.900000 0.002217 0.067138 0.041288 0.012547 0.000000 0.023551 32.559878
30.000000 9.900000 0.001034 0.040802 0.028235 0.011923 0.000000 0.022669 32.891519
40.000000 9.900000 0.000579 0.026384 0.019178 0.011645 0.000000 0.022377 33.004115
50.000000 9.900000 0.000353 0.017588 0.013154 0.011468 0.000000 0.022247 33.054473
60.000000 9.900000 0.000223 0.012090 0.009404 0.011360 0.000000 0.022195 33.074719
70.000000 9.900000 0.000150 0.008587 0.007034 0.011294 0.000000 0.022177 33.081909
80.000000 9.900000 0.000106 0.006311 0.005467 0.011250 0.000000 0.022172 33.083784
90.000000 9.900000 0.000079 0.004804 0.004394 0.011222 0.000000 0.022172 33.083865
100.000000 9.900000 0.000060 0.003768 0.003628 0.011202 0.000000 0.022173 33.083703
110.000000 9.900000 0.000048 0.003065 0.003046 0.011188 0.000000 0.022173 33.083631
120.000000 9.900000 0.000039 0.002471 0.002595 0.011177 0.000000 0.022173 33.083671
130.000000 9.900000 0.000032 0.002083 0.002239 0.011169 0.000000 0.022173 33.083694
140.000000 9.900000 0.000027 0.001748 0.001954 0.011163 0.000000 0.022172 33.083738
150.000000 9.900000 0.000023 0.001475 0.001722 0.011158 0.000000 0.022172 33.083778
160.000000 9.900000 0.000020 0.001247 0.001528 0.011154 0.000000 0.022172 33.083847
170.000000 9.900000 0.000017 0.001089 0.001366 0.011151 0.000000 0.022172 33.083951
180.000000 9.900000 0.000015 0.000932 0.001231 0.011148 0.000000 0.022172 33.084078
