0.000000 10.000000 0.101152 1.000000 1.000000 0.066586 0.000000 0.108652 19.279244
10.000000 9.900000 0.009350 0.108315 0.094745 0.029062 0.000000 0.073023 22.730790
20.000000 9.900000 0.005722 0.076783 0.060391 0.022040 0.000000 0.055935 25.046316
30.000000 9.900000 0.003921 0.057218 0.042399 0.018811 0.000000 0.045736 26.794781
40.000000 9.900000 0.002808 0.041865 0.030840 0.017066 0.000000 0.040054 27.947161
50.000000 9.900000 0.001988 0.030779 0.023580 0.016167 0.000000 0.037314 28.562677
60.000000 9.900000 0.001393 0.022235 0.018228 0.015677 0.000000 0.036081 28.854509
70.000000 9.900000 0.001011 0.016708 0.013787 0.015331 0.000000 0.035418 29.015537
80.000000 9.900000 0.000754 0.012220 0.010459 0.015104 0.000000 0.035029 29.111436
90.000000 9.900000 0.000574 0.009268 0.008094 0.014943 0.000000 0.034787 29.171604
100.000000 9.900000 0.000442 0.007099 0.006400 0.014832 0.000000 0.034638 29.208893
110.000000 9.900000 0.000347 0.005535 0.005135 0.014753 0.000000 0.034548 29.231565
120.000000 9.900000 0.000274 0.004349 0.004211 0.014698 0.000000 0.034496 29.244737
130.000000 9.900000 0.000222 0.003512 0.003489 0.014658 0.000000 0.034467 29.251922
140.000000 9.900000 0.000181 0.002847 0.002932 0.014627 0.000000 0.034453 29.255361
150.000000 9.900000 0.000149 0.002337 0.002500 0.014604 0.000000 0.034448 29.256747
160.000000 9.900000 0.000122 0.001944 0.002170 0.014588 0.000000 0.034447 29.256956
170.000000 9.900000 0.000102 0.001634 0.001898 0.014576 0.000000 0.034448 29.256687
180.000000 9.900000 0.000086 0.001402 0.001678 0.014566 0.000000 0.034450 29.256131
190.000000 9.900000 0.000073 0.001174 0.001498 0.014559 0.000000 0.034453 29.255438
