0.000000 10.000000 0.103914 1.000000 1.000000 0.079169 0.000000 0.080837 21.847823
10.000000 9.900000 0.009254 0.131264 0.107783 0.029911 0.000000 0.029095 30.723715
20.000000 9.900000 0.003811 0.055592 0.056582 0.024355 0.000000 0.019773 34.078656
30.000000 9.900000 0.001801 0.026645 0.027475 0.022643 0.000000 0.018400 34.703572
40.000000 9.900000 0.000917 0.014588 0.015255 0.021951 0.000000 0.018042 34.874176
50.000000 9.900000 0.000523 0.008521 0.009392 0.021660 0.000000 0.017927 34.929731
60.000000 9.900000 0.000309 0.005323 0.006470 0.021530 0.000000 0.017888 34.948904
70.000000 9.900000 0.000196 0.003492 0.004753 0.021463 0.000000 0.017876 34.954678
80.000000 9.900000 0.000130 0.002394 0.003708 0.021427 0.000000 0.017870 34.957730
90.000000 9.900000 0.000090 0.001747 0.003008 0.021405 0.000000 0.017864 34.960240
100.000000 9.900000 0.000066 0.001346 0.002512 0.021390 0.000000 0.017862 34.961487
110.000000 9.900000 0.000049 0.001044 0.002142 0.021380 0.000000 0.017861 34.961737
120.000000 9.900000 0.000039 0.000857 0.001857 0.021372 0.000000 0.017861 34.961824
