0.000000 10.000000 0.105152 1.000000 1.000000 0.051969 0.000000 0.087826 21.127508
10.000000 9.900000 0.005203 0.112932 0.085580 0.022667 0.000000 0.060526 24.361214
20.000000 9.900000 0.003016 0.068692 0.051113 0.018067 0.000000 0.049172 26.165728
30.000000 9.900000 0.001931 0.045448 0.036179 0.016239 0.000000 0.043587 27.212889
40.000000 9.900000 0.001273 0.030904 0.026668 0.015385 0.000000 0.040922 27.760950
50.000000 9.900000 0.000856 0.021657 0.019526 0.014908 0.000000 0.039618 28.042185
60.000000 9.900000 0.000582 0.015132 0.014487 0.014631 0.000000 0.038952 28.189463
70.000000 9.900000 0.000409 0.010784 0.010834 0.014453 0.000000 0.038579 28.273067
80.000000 9.900000 0.000293 0.007835 0.008252 0.014338 0.000000 0.038362 28.321873
90.000000 9.900000 0.000216 0.005785 0.006409 0.014261 0.000000 0.038228 28.352318
100.000000 9.900000 0.000163 0.004381 0.005133 0.014210 0.000000 0.038143 28.371671
110.000000 9.900000 0.000124 0.003351 0.004239 0.014175 0.000000 0.038088 28.384125
120.000000 9.900000 0.000095 0.002690 0.003581 0.014150 0.000000 0.038054 28.392100
130.000000 9.900000 0.000075 0.002124 0.003074 0.014131 0.000000 0.038032 28.396923
140.000000 9.900000 0.000059 0.001724 0.002688 0.014117 0.000000 0.038019 28.399896
150.000000 9.900000 0.000048 0.001465 0.002385 0.014107 0.000000 0.038011 28.401814
160.000000 9.900000 0.000039 0.001207 0.002142 0.014099 0.000000 0.038006 28.402947
170.000000 9.900000 0.000032 0.001018 0.001948 0.014093 0.000000 0.038003 28.403604
180.000000 9.900000 0.000027 0.000882 0.001783 0.014089 0.000000 0.038002 28.403863
