0.000000 10.000000 0.103220 1.000000 1.000000 0.069095 0.000000 0.079014 22.045956
10.000000 9.900000 0.007950 0.092065 0.087227 0.034478 0.000000 0.047145 26.531205
20.000000 9.900000 0.003525 0.044140 0.043946 0.030699 0.000000 0.041417 27.656450
30.000000 9.900000 0.001692 0.022280 0.023308 0.029485 0.000000 0.040122 27.932423
40.000000 9.900000 0.000902 0.011840 0.013318 0.028985 0.000000 0.039802 28.001975
50.000000 9.900000 0.000520 0.006800 0.008411 0.028771 0.000000 0.039721 28.019616
60.000000 9.900000 0.000317 0.004205 0.005795 0.028668 0.000000 0.039712 28.021669
70.000000 9.900000 0.000206 0.002782 0.004249 0.028611 0.000000 0.039722 28.019302
80.000000 9.900000 0.000138 0.001910 0.003279 0.028576 0.000000 0.039736 28.016218
90.000000 9.900000 0.000096 0.001374 0.002637 0.028554 0.000000 0.039747 28.013928
100.000000 9.900000 0.000070 0.001033 0.002184 0.028540 0.000000 0.039754 28.012419
110.000000 9.900000 0.000052 0.000808 0.001849 0.028530 0.000000 0.039759 28.011348
