0.000000 10.000000 0.118051 1.000000 1.000000 0.045249 0.000000 0.111798 19.031296
10.000000 9.900000 0.007348 0.118326 0.086465 0.022278 0.000000 0.090016 20.913630
20.000000 9.900000 0.004640 0.077710 0.050427 0.017254 0.000000 0.078274 22.127618
30.000000 9.900000 0.003352 0.058067 0.036741 0.014867 0.000000 0.069951 23.104098
40.000000 9.900000 0.002585 0.045975 0.028706 0.013446 0.000000 0.063899 23.890135
50.000000 9.900000 0.002048 0.037590 0.023265 0.012539 0.000000 0.059541 24.503680
60.000000 9.900000 0.001630 0.030372 0.019346 0.011949 0.000000 0.056521 24.955746
70.000000 9.900000 0.001301 0.024868 0.016392 0.011560 0.000000 0.054454 25.279386
80.000000 9.900000 0.001049 0.020525 0.013946 0.011277 0.000000 0.053007 25.513297
90.000000 9.900000 0.000847 0.017128 0.011926 0.011079 0.000000 0.052002 25.679556
100.000000 9.900000 0.000688 0.014261 0.010202 0.010936 0.000000 0.051309 25.796092
110.000000 9.900000 0.000563 0.011633 0.008743 0.010831 0.000000 0.050823 25.878819
120.000000 9.900000 0.000465 0.009794 0.007493 0.010750 0.000000 0.050468 25.939634
130.000000 9.900000 0.000387 0.008304 0.006408 0.010685 0.000000 0.050211 25.983972
140.000000 9.900000 0.000326 0.006894 0.005475 0.010632 0.000000 0.050018 26.017554
150.000000 9.900000 0.000275 0.005692 0.004697 0.010590 0.000000 0.049866 26.043966
160.000000 9.900000 0.000235 0.004868 0.004048 0.010555 0.000000 0.049746 26.064878
170.000000 9.900000 0.000201 0.004047 0.003516 0.010527 0.000000 0.049650 26.081567
180.000000 9.900000 0.000172 0.003462 0.003078 0.010505 0.000000 0.049572 26.095202
190.000000 9.900000 0.000147 0.002977 0.002716 0.010486 0.000000 0.049508 26.106434
