0.000000 10.000000 0.095123 1.000000 1.000000 0.058739 0.000000 0.074435 22.564401
10.000000 9.900000 0.008260 0.129333 0.103028 0.025059 0.000000 0.039153 28.144694
20.000000 9.900000 0.004162 0.070175 0.058269 0.020851 0.000000 0.030336 30.360967
30.000000 9.900000 0.002408 0.040952 0.033552 0.019019 0.000000 0.027235 31.297319
40.000000 9.900000 0.001456 0.025662 0.021034 0.018177 0.000000 0.026181 31.640355
50.000000 9.900000 0.000950 0.016964 0.013682 0.017696 0.000000 0.025778 31.775084
60.000000 9.900000 0.000644 0.011492 0.009445 0.017435 0.000000 0.025635 31.823459
70.000000 9.900000 0.000446 0.008125 0.006864 0.017293 0.000000 0.025596 31.836578
80.000000 9.900000 0.000322 0.005847 0.005152 0.017204 0.000000 0.025580 31.842065
90.000000 9.900000 0.000240 0.004402 0.003991 0.017147 0.000000 0.025567 31.846478
100.000000 9.900000 0.000181 0.003341 0.003194 0.017110 0.000000 0.025557 31.849776
110.000000 9.900000 0.000138 0.002554 0.002624 0.017085 0.000000 0.025553 31.851074
120.000000 9.900000 0.000109 0.002047 0.002182 0.017066 0.000000 0.025553 31.851207
130.000000 9.900000 0.000087 0.001616 0.001856 0.017054 0.000000 0.025553 31.851189
140.000000 9.900000 0.000069 0.001307 0.001600 0.017044 0.000000 0.025552 31.851389
150.000000 9.900000 0.000056 0.001082 0.001400 0.017037 0.000000 0.025551 31.851725
160.000000 9.900000 0.000046 0.000899 0.001236 0.017031 0.000000 0.025551 31.851961
