0.000000 10.000000 0.099239 1.000000 1.000000 0.061269 0.000000 0.085129 21.398443
10.000000 9.900000 0.005766 0.112896 0.095080 0.025160 0.000000 0.048424 26.298722
20.000000 9.900000 0.003162 0.066589 0.057339 0.019880 0.000000 0.034988 29.121677
30.000000 9.900000 0.001878 0.039601 0.037940 0.017934 0.000000 0.029890 30.489569
40.000000 9.900000 0.001094 0.024185 0.025668 0.017076 0.000000 0.028319 30.958480
50.000000 9.900000 0.000686 0.014969 0.016993 0.016603 0.000000 0.027762 31.130876
60.000000 9.900000 0.000454 0.010069 0.011765 0.016346 0.000000 0.027540 31.200871
70.000000 9.900000 0.000308 0.006823 0.008570 0.016191 0.000000 0.027446 31.230525
80.000000 9.900000 0.000218 0.004932 0.006473 0.016095 0.000000 0.027408 31.242497
90.000000 9.900000 0.000156 0.003550 0.005182 0.016040 0.000000 0.027398 31.245572
100.000000 9.900000 0.000116 0.002632 0.004281 0.016001 0.000000 0.027399 31.245436
110.000000 9.900000 0.000088 0.002078 0.003638 0.015973 0.000000 0.027401 31.244571
120.000000 9.900000 0.000067 0.001649 0.003166 0.015955 0.000000 0.027404 31.243829
130.000000 9.900000 0.000054 0.001351 0.002800 0.015940 0.000000 0.027404 31.243600
140.000000 9.900000 0.000043 0.001106 0.002520 0.015930 0.000000 0.027404 31.243637
150.000000 9.900000 0.000035 0.000951 0.002290 0.015922 0.000000 0.027404 31.243625
