0.000000 10.000000 0.103777 1.000000 1.000000 0.040645 0.000000 0.077701 22.191413
10.000000 9.900000 0.006205 0.125148 0.078932 0.020710 0.000000 0.052592 25.581548
20.000000 9.900000 0.003414 0.075105 0.046216 0.017085 0.000000 0.043557 27.218915
30.000000 9.900000 0.002078 0.048258 0.031449 0.015700 0.000000 0.039799 28.002526
40.000000 9.900000 0.001312 0.032111 0.022446 0.015039 0.000000 0.038185 28.362042
50.000000 9.900000 0.000864 0.021778 0.016204 0.014677 0.000000 0.037408 28.540769
60.000000 9.900000 0.000593 0.015012 0.011803 0.014456 0.000000 0.036973 28.642193
70.000000 9.900000 0.000416 0.010569 0.008764 0.014319 0.000000 0.036726 28.700609
80.000000 9.900000 0.000298 0.007658 0.006614 0.014233 0.000000 0.036580 28.735239
90.000000 9.900000 0.000218 0.005487 0.005105 0.014177 0.000000 0.036488 28.756905
100.000000 9.900000 0.000163 0.004132 0.004047 0.014141 0.000000 0.036431 28.770592
110.000000 9.900000 0.000122 0.003131 0.003307 0.014118 0.000000 0.036396 28.778954
120.000000 9.900000 0.000093 0.002464 0.002759 0.014102 0.000000 0.036374 28.784219
130.000000 9.900000 0.000072 0.001919 0.002345 0.014091 0.000000 0.036361 28.787286
140.000000 9.900000 0.000057 0.001577 0.002029 0.014083 0.000000 0.036354 28.788996
150.000000 9.900000 0.000045 0.001290 0.001779 0.014078 0.000000 0.036350 28.789800
160.000000 9.900000 0.000037 0.001075 0.001582 0.014073 0.000000 0.036349 28.790042
170.000000 9.900000 0.000030 0.000912 0.001423 0.014070 0.000000 0.036349 28.790052
