0.000000 10.000000 0.128823 1.000000 1.000000 0.048267 0.000000 0.088159 21.094657
10.000000 9.900000 0.006712 0.132365 0.070815 0.022064 0.000000 0.044836 26.967539
20.000000 9.900000 0.002949 0.070539 0.042159 0.017735 0.000000 0.033865 29.405039
30.000000 9.900000 0.001383 0.040904 0.028204 0.016567 0.000000 0.031189 30.120027
40.000000 9.900000 0.000695 0.024555 0.019006 0.016135 0.000000 0.030490 30.316879
50.000000 9.900000 0.000389 0.015092 0.012961 0.015928 0.000000 0.030278 30.377447
60.000000 9.900000 0.000238 0.009823 0.009131 0.015817 0.000000 0.030195 30.401348
70.000000 9.900000 0.000153 0.006770 0.006682 0.015753 0.000000 0.030163 30.410422
80.000000 9.900000 0.000102 0.004835 0.005088 0.015716 0.000000 0.030155 30.412919
90.000000 9.900000 0.000071 0.003610 0.004023 0.015692 0.000000 0.030156 30.412614
100.000000 9.900000 0.000052 0.002810 0.003276 0.015677 0.000000 0.030158 30.411893
110.000000 9.900000 0.000039 0.002251 0.002731 0.015666 0.000000 0.030160 30.411427
120.000000 9.900000 0.000031 0.001792 0.002321 0.015658 0.000000 0.030160 30.411249
130.000000 9.900000 0.000025 0.001528 0.001999 0.015652 0.000000 0.030160 30.411270
140.000000 9.900000 0.000021 0.001227 0.001742 0.015647 0.000000 0.030160 30.411410
150.000000 9.900000 0.000017 0.001072 0.001535 0.015644 0.000000 0.030160 30.411510
160.000000 9.900000 0.000015 0.000895 0.001363 0.015641 0.000000 0.030159 30.411567
